
a =

   0.55465635418839   0.44534364581161
   0.55444400604224   0.44555599395776


b =

  Columns 1 through 9 

   0.04661823724840   0.00368624302898   0.01563763860692   0.05083404796190   0.00369166777798   0.06109979511472   0.05309154575513   0.05447610315730   0.05600727993406
   0.07600733867482   0.07576097858470   0.07015519604451   0.03554527127065   0.03540055677374   0.02225287115480   0.01993448746753   0.05538514007085   0.04784748373110

  Columns 10 through 18 

   0.07559881872603   0.01552966959476   0.00446326157717   0.01452380815542   0.02232250806196   0.03870661274702   0.04701675712484   0.07270746389765   0.06314068982182
   0.01171546772043   0.06299260541453   0.04140273285536   0.04609067750828   0.00701859491102   0.06797592104550   0.00356682643284   0.01299578875880   0.04700530038185

  Columns 19 through 27 

   0.06471627737852   0.04958706120463   0.03615897077872   0.01018127714926   0.00544203736466   0.04322916324844   0.01821605404866   0.02938659527546   0.04393041525959
   0.00877428064451   0.00882747791905   0.05252591666108   0.03568034127516   0.04468658967442   0.01962566344026   0.00122659555980   0.05822451615296   0.03137537987143


a_ =

   0.76612997455340   0.23387002544660
   0.29306210720644   0.70693789279356


b_ =

  Columns 1 through 9 

   0.07229399341343   0.00000000000000   0.01865457431375   0.05342451680844   0.09243662252549   0.00000394768936   0.02286503310826   0.08720617278499   0.06590927686457
   0.05138315249529   0.03001202120392   0.03195826226970   0.01035735520804   0.14016521727988   0.04001107693676   0.00000000000000   0.00000000000000   0.03271374331507

  Columns 10 through 18 

   0.00000000000000   0.00000000000000   0.00000000000000   0.00437435256190   0.08933062629384   0.03398346880889   0.00000000000000   0.00000000000000   0.00000000001530
   0.00200080141359   0.02134188174501   0.07336271849848   0.04520049755023   0.00000316859609   0.09009652830432   0.03801522685830   0.00133386760906   0.11871421718744

  Columns 19 through 27 

   0.06162536927878   0.12431203561570   0.00427109523305   0.00000000000000   0.02818248266832   0.00159523486800   0.01996262793855   0.00000000000000   0.21956856920937
   0.03475210651807   0.01014985478967   0.04466307283158   0.02334268315861   0.00000000000000   0.00000000000002   0.01764591169824   0.00066693380453   0.14210970072808


ans =

  1.0e+004 *

  -1.13827732718393                  0
  -0.95898086464398                  0
  -0.95894613883624                  0
  -0.95891067568691                  0
  -0.95887048532935                  0
  -0.95882238722858                  0
  -0.95876360074097                  0
  -0.95869156038109                  0
  -0.95860388578648                  0
  -0.95849846211698                  0
  -0.95837359841241                  0
  -0.95822823472858                  0
  -0.95806216814738                  0
  -0.95787626534938                  0
  -0.95767262487165                  0
  -0.95745464417369                  0
  -0.95722693853688                  0
  -0.95699506319269                  0
  -0.95676502398776                  0
  -0.95654262986591                  0
  -0.95633281832303                  0
  -0.95613912622932                  0
  -0.95596344640628                  0
  -0.95580611169062                  0
  -0.95566623450653                  0
  -0.95554216145008                  0
  -0.95543190466419                  0
  -0.95533346468787                  0
  -0.95524502238477                  0
  -0.95516502078460                  0
  -0.95509217401997                  0
  -0.95502543795092                  0
  -0.95496396670576                  0
  -0.95490706884803                  0
  -0.95485416930537                  0
  -0.95480477879551                  0
  -0.95475847038389                  0
  -0.95471486204187                  0
  -0.95467360395571                  0
  -0.95463436946799                  0
  -0.95459684872635                  0
  -0.95456074429776                  0
  -0.95452576816183                  0
  -0.95449163962704                  0
  -0.95445808382504                  0
  -0.95442483053607                  0
  -0.95439161318555                  0
  -0.95435816793078                  0
  -0.95432423282808                  0
  -0.95428954713873                  0
  -0.95425385089912                  0
  -0.95421688495224                  0
  -0.95417839171672                  0
  -0.95413811706014                  0
  -0.95409581374187                  0
  -0.95405124698610                  0
  -0.95400420280925                  0
  -0.95395449970347                  0
  -0.95390200408106                  0
  -0.95384664939836                  0
  -0.95378845799024                  0
  -0.95372756332856                  0
  -0.95366422885037                  0
  -0.95359885817872                  0
  -0.95353199127128                  0
  -0.95346428255646                  0
  -0.95339646066830                  0
  -0.95332927415558                  0
  -0.95326343177998                  0
  -0.95319954791684                  0
  -0.95313810229971                  0
  -0.95307941952769                  0
  -0.95302366899281                  0
  -0.95297088184047                  0
  -0.95292097922301                  0
  -0.95287380557794                  0
  -0.95282916150969                  0
  -0.95278683242326                  0
  -0.95274661077088                  0
  -0.95270831124948                  0
  -0.95267177935106                  0
  -0.95263689430150                  0
  -0.95260356769368                  0
  -0.95257173913107                  0
  -0.95254137005293                  0
  -0.95251243669397                  0
  -0.95248492289900                  0
  -0.95245881329813                  0
  -0.95243408716227                  0
  -0.95241071310365                  0
  -0.95238864465518                  0
  -0.95236781665530                  0
  -0.95234814228249                  0
  -0.95232951053444                  0
  -0.95231178394264                  0
  -0.95229479636937                  0
  -0.95227835086602                  0
  -0.95226221779532                  0
  -0.95224613374091                  0
  -0.95222980213008                  0
  -0.95221289691341                  0
  -0.95219507093217                  0
  -0.95217597051449                  0
  -0.95215525706855                  0
  -0.95213263477675                  0
  -0.95210788109308                  0
  -0.95208087437331                  0
  -0.95205161190992                  0
  -0.95202021304959                  0
  -0.95198690597779                  0
  -0.95195200163757                  0
  -0.95191586178653                  0
  -0.95187886881233                  0
  -0.95184140279531                  0
  -0.95180382793964                  0
  -0.95176648749657                  0
  -0.95172970446273                  0
  -0.95169378461303                  0
  -0.95165901849654                  0
  -0.95162567972479                  0
  -0.95159401823858                  0
  -0.95156424914899                  0
  -0.95153653969035                  0
  -0.95151099797018                  0
  -0.95148766692973                  0
  -0.95146652532560                  0
  -0.95144749540411                  0
  -0.95143045524028                  0
  -0.95141525301505                  0
  -0.95140172077311                  0
  -0.95138968602133                  0
  -0.95137898043776                  0
  -0.95136944567146                  0
  -0.95136093663141                  0
  -0.95135332282426                  0
  -0.95134648829013                  0
  -0.95134033058457                  0
  -0.95133475911995                  0
  -0.95132969304021                  0
  -0.95132505867408                  0
  -0.95132078649304                  0
  -0.95131680739953                  0
  -0.95131304810893                  0
  -0.95130942543484                  0
  -0.95130583960181                  0
  -0.95130216760418                  0
  -0.95129825954526                  0
  -0.95129394402846                  0
  -0.95128905174131                  0
  -0.95128346453189                  0
  -0.95127718268498                  0
  -0.95127037590021                  0
  -0.95126336919567                  0
  -0.95125654938915                  0
  -0.95125024372246                  0
  -0.95124464430960                  0
  -0.95123980501205                  0
  -0.95123568346414                  0
  -0.95123218985420                  0
  -0.95122922208415                  0
  -0.95122668466946                  0
  -0.95122449614221                  0
  -0.95122259020409                  0
  -0.95122091416547                  0
  -0.95121942656705                  0
  -0.95121809483800                  0
  -0.95121689329743                  0
  -0.95121580155693                  0
  -0.95121480328438                  0
  -0.95121388526195                  0
  -0.95121303667228                  0
  -0.95121224855737                  0
  -0.95121151340613                  0
  -0.95121082483756                  0
  -0.95121017735463                  0
  -0.95120956615033                  0
  -0.95120898695235                  0
  -0.95120843589581                  0
  -0.95120790941666                  0
  -0.95120740415971                  0
  -0.95120691689668                  0
  -0.95120644445089                  0
  -0.95120598362553                  0
  -0.95120553113361                  0
  -0.95120508352745                  0
  -0.95120463712683                  0
  -0.95120418794481                  0
  -0.95120373161111                  0
  -0.95120326329380                  0
  -0.95120277762064                  0
  -0.95120226860306                  0
  -0.95120172956707                  0
  -0.95120115309710                  0
  -0.95120053100125                  0
  -0.95119985430775                  0
  -0.95119911330491                  0
  -0.95119829763700                  0
  -0.95119739646836                  0
  -0.95119639872460                  0
  -0.95119529341437                  0
  -0.95119407002601                  0
  -0.95119271898224                  0
  -0.95119123212498                  0
  -0.95118960319279                  0
  -0.95118782825118                  0
  -0.95118590604113                  0
  -0.95118383822644                  0
  -0.95118162954101                  0
  -0.95117928785757                  0
  -0.95117682421289                  0
  -0.95117425282247                  0
  -0.95117159110072                  0
  -0.95116885967129                  0
  -0.95116608231560                  0
  -0.95116328577650                  0
  -0.95116049932083                  0
  -0.95115775397918                  0
  -0.95115508142792                  0
  -0.95115251255245                  0
  -0.95115007581595                  0
  -0.95114779563042                  0
  -0.95114569096074                  0
  -0.95114377437149                  0
  -0.95114205165329                  0
  -0.95114052205886                  0
  -0.95113917907203                  0
  -0.95113801155296                  0
  -0.95113700506804                  0
  -0.95113614322203                  0
  -0.95113540885097                  0
  -0.95113478499002                  0
  -0.95113425558344                  0
  -0.95113380594542                  0
  -0.95113342300673                  0
  -0.95113309539418                  0
  -0.95113281339062                  0
  -0.95113256881820                  0
  -0.95113235487935                  0
  -0.95113216598047                  0
  -0.95113199755597                  0
  -0.95113184590305                  0
  -0.95113170803321                  0
  -0.95113158154291                  0
  -0.95113146450327                  0
  -0.95113135536791                  0
  -0.95113125289700                  0
  -0.95113115609523                  0
  -0.95113106416169                  0
  -0.95113097644972                  0
  -0.95113089243483                  0
  -0.95113081168920                  0
  -0.95113073386155                  0
  -0.95113065866121                  0
  -0.95113058584557                  0
  -0.95113051521021                  0
  -0.95113044658115                  0
  -0.95113037980869                  0
  -0.95113031476267                  0
  -0.95113025132862                  0
  -0.95113018940477                  0
  -0.95113012889975                  0
  -0.95113006973061                  0
  -0.95113001182140                  0
  -0.95112995510194                  0
  -0.95112989950688                  0
  -0.95112984497491                  0
  -0.95112979144814                  0
  -0.95112973887159                  0
  -0.95112968719277                  0
  -0.95112963636130                  0
  -0.95112958632865                  0
  -0.95112953704790                  0
  -0.95112948847349                  0
  -0.95112944056107                  0
  -0.95112939326735                  0
  -0.95112934654992                  0
  -0.95112930036717                  0
  -0.95112925467816                  0
  -0.95112920944254                  0
  -0.95112916462044                  0
  -0.95112912017238                  0
  -0.95112907605924                  0
  -0.95112903224213                  0
  -0.95112898868238                  0
  -0.95112894534143                  0
  -0.95112890218078                  0
  -0.95112885916196                  0
  -0.95112881624646                  0
  -0.95112877339566                  0
  -0.95112873057081                  0
  -0.95112868773295                  0
  -0.95112864484288                  0
  -0.95112860186112                  0
  -0.95112855874785                  0
  -0.95112851546287                  0
  -0.95112847196557                  0
  -0.95112842821483                  0
  -0.95112838416909                  0
  -0.95112833978619                  0
  -0.95112829502340                  0
  -0.95112824983737                  0
  -0.95112820418406                  0
  -0.95112815801874                  0
  -0.95112811129595                  0
  -0.95112806396939                  0
  -0.95112801599201                  0
  -0.95112796731586                  0
  -0.95112791789210                  0
  -0.95112786767096                  0
  -0.95112781660171                  0
  -0.95112776463259                  0
  -0.95112771171079                  0
  -0.95112765778244                  0
  -0.95112760279248                  0
  -0.95112754668471                  0
  -0.95112748940168                  0
  -0.95112743088463                  0
  -0.95112737107345                  0
  -0.95112730990659                  0
  -0.95112724732097                  0
  -0.95112718325188                  0
  -0.95112711763282                  0
  -0.95112705039541                  0
  -0.95112698146912                  0
  -0.95112691078109                  0
  -0.95112683825582                  0
  -0.95112676381480                  0
  -0.95112668737612                  0
  -0.95112660885380                  0
  -0.95112652815721                  0
  -0.95112644519014                  0
  -0.95112635984974                  0
  -0.95112627202516                  0
  -0.95112618159591                  0
  -0.95112608842972                  0
  -0.95112599237995                  0
  -0.95112589328236                  0
  -0.95112579095105                  0
  -0.95112568517341                  0
  -0.95112557570391                  0
  -0.95112546225632                  0
  -0.95112534449401                  0
  -0.95112522201812                  0
  -0.95112509435262                  0
  -0.95112496092616                  0
  -0.95112482104940                  0
  -0.95112467388730                  0
  -0.95112451842508                  0
  -0.95112435342651                  0
  -0.95112417738335                  0
  -0.95112398845407                  0
  -0.95112378439040                  0
  -0.95112356245008                  0
  -0.95112331929462                  0
  -0.95112305087153                  0
  -0.95112275228183                  0
  -0.95112241763616                  0
  -0.95112203990585                  0
  -0.95112161078119                  0
  -0.95112112055568                  0
  -0.95112055806505                  0
  -0.95111991072029                  0
  -0.95111916468538                  0
  -0.95111830525785                  0
  -0.95111731750997                  0
  -0.95111618723162                  0
  -0.95111490217629                  0
  -0.95111345354558                  0
  -0.95111183756023                  0
  -0.95111005687830                  0
  -0.95110812156812                  0
  -0.95110604936177                  0
  -0.95110386502519                  0
  -0.95110159886424                  0
  -0.95109928458459                  0
  -0.95109695686341                  0
  -0.95109464902257                  0
  -0.95109239111617                  0
  -0.95109020860514                  0
  -0.95108812164733                  0
  -0.95108614492677                  0
  -0.95108428789405                  0
  -0.95108255528237                  0
  -0.95108094778148                  0
  -0.95107946277816                  0
  -0.95107809509843                  0
  -0.95107683770667                  0
  -0.95107568233399                  0
  -0.95107462001921                  0
  -0.95107364155615                  0
  -0.95107273784710                  0
  -0.95107190016832                  0
  -0.95107112035663                  0
  -0.95107039092847                  0
  -0.95106970514359                  0
  -0.95106905702499                  0
  -0.95106844134649                  0
  -0.95106785359700                  0
  -0.95106728992983                  0
  -0.95106674710309                  0
  -0.95106622241623                  0
  -0.95106571364629                  0
  -0.95106521898620                  0
  -0.95106473698691                  0
  -0.95106426650426                  0
  -0.95106380665087                  0
  -0.95106335675351                  0
  -0.95106291631538                  0
  -0.95106248498344                  0
  -0.95106206251998                  0
  -0.95106164877844                  0
  -0.95106124368264                  0
  -0.95106084720937                  0
  -0.95106045937370                  0
  -0.95106008021672                  0
  -0.95105970979542                  0
  -0.95105934817444                  0
  -0.95105899541928                  0
  -0.95105865159102                  0
  -0.95105831674202                  0
  -0.95105799091272                  0
  -0.95105767412927                  0
  -0.95105736640179                  0
  -0.95105706772333                  0
  -0.95105677806924                  0
  -0.95105649739700                  0
  -0.95105622564641                  0
  -0.95105596274004                  0
  -0.95105570858391                  0
  -0.95105546306834                  0
  -0.95105522606894                  0
  -0.95105499744774                  0
  -0.95105477705431                  0
  -0.95105456472704                  0
  -0.95105436029430                  0
  -0.95105416357574                  0
  -0.95105397438349                  0
  -0.95105379252330                  0
  -0.95105361779580                  0
  -0.95105344999751                  0
  -0.95105328892194                  0
  -0.95105313436058                  0
  -0.95105298610380                  0
  -0.95105284394172                  0
  -0.95105270766502                  0
  -0.95105257706564                  0
  -0.95105245193743                  0
  -0.95105233207679                  0
  -0.95105221728312                  0
  -0.95105210735934                  0
  -0.95105200211227                  0
  -0.95105190135298                  0
  -0.95105180489709                  0
  -0.95105171256500                  0
  -0.95105162418211                  0
  -0.95105153957897                  0
  -0.95105145859138                  0
  -0.95105138106046                  0
  -0.95105130683276                  0
  -0.95105123576022                  0
  -0.95105116770017                  0
  -0.95105110251532                  0
  -0.95105104007367                  0
  -0.95105098024850                  0
  -0.95105092291822                  0
  -0.95105086796631                  0
  -0.95105081528120                  0
  -0.95105076475613                  0
  -0.95105071628904                  0
  -0.95105066978244                  0
  -0.95105062514325                  0
  -0.95105058228268                  0
  -0.95105054111606                  0
  -0.95105050156271                  0
  -0.95105046354578                  0
  -0.95105042699213                  0
  -0.95105039183213                  0
  -0.95105035799958                  0
  -0.95105032543151                  0
  -0.95105029406810                  0
  -0.95105026385246                  0
  -0.95105023473062                  0
  -0.95105020665125                  0
  -0.95105017956566                  0
  -0.95105015342762                  0
  -0.95105012819325                  0
  -0.95105010382092                  0
  -0.95105008027110                  0
  -0.95105005750632                  0
  -0.95105003549100                  0
  -0.95105001419141                  0
  -0.95104999357555                  0
  -0.95104997361305                  0
  -0.95104995427511                  0
  -0.95104993553441                  0
  -0.95104991736503                  0
  -0.95104989974238                  0
  -0.95104988264311                  0
  -0.95104986604508                  0
  -0.95104984992728                  0
  -0.95104983426974                  0
  -0.95104981905353                  0
  -0.95104980426066                  0
  -0.95104978987404                  0
  -0.95104977587744                  0
  -0.95104976225545                  0
  -0.95104974899340                  0
  -0.95104973607736                  0
  -0.95104972349411                  0
  -0.95104971123101                  0
  -0.95104969927609                  0
  -0.95104968761794                  0
  -0.95104967624569                  0
  -0.95104966514900                  0
  -0.95104965431802                  0
  -0.95104964374334                  0
  -0.95104963341603                  0
  -0.95104962332754                  0
  -0.95104961346972                  0
  -0.95104960383481                  0
  -0.95104959441538                  0
  -0.95104958520433                  0
  -0.95104957619490                  0
  -0.95104956738060                  0
  -0.95104955875527                  0
  -0.95104955031297                  0
  -0.95104954204802                  0
  -0.95104953395500                  0
  -0.95104952602872                  0
  -0.95104951826419                  0
  -0.95104951065663                  0
  -0.95104950320146                  0
  -0.95104949589430                  0
  -0.95104948873092                  0
  -0.95104948170728                  0
  -0.95104947481947                  0
  -0.95104946806376                  0
  -0.95104946143655                  0
  -0.95104945493439                  0
  -0.95104944855394                  0
  -0.95104944229200                  0
  -0.95104943614548                  0
  -0.95104943011140                  0
  -0.95104942418691                  0
  -0.95104941836923                  0
  -0.95104941265570                  0
  -0.95104940704374                  0
  -0.95104940153087                  0
  -0.95104939611469                  0
  -0.95104939079287                  0
  -0.95104938556318                  0
  -0.95104938042345                  0
  -0.95104937537159                  0
  -0.95104937040556                  0
  -0.95104936552339                  0
  -0.95104936072319                  0
  -0.95104935600313                  0
  -0.95104935136140                  0
  -0.95104934679628                  0
  -0.95104934230610                  0
  -0.95104933788922                  0
  -0.95104933354408                  0
  -0.95104932926913                  0
  -0.95104932506289                  0
  -0.95104932092391                  0
  -0.95104931685079                  0
  -0.95104931284217                  0
  -0.95104930889673                  0
  -0.95104930501316                  0
  -0.95104930119023                  0
  -0.95104929742671                  0
  -0.95104929372142                  0
  -0.95104929007320                  0
  -0.95104928648093                  0
  -0.95104928294351                  0
  -0.95104927945988                  0
  -0.95104927602899                  0
  -0.95104927264984                  0
  -0.95104926932146                  0
  -0.95104926604287                  0
  -0.95104926281312                  0
  -0.95104925963132                  0
  -0.95104925649658                  0
  -0.95104925340801                  0
  -0.95104925036477                  0
  -0.95104924736603                  0
  -0.95104924441098                  0
  -0.95104924149884                  0
  -0.95104923862884                  0
  -0.95104923580022                  0
  -0.95104923301223                  0
  -0.95104923026418                  0
  -0.95104922755535                  0
  -0.95104922488505                  0
  -0.95104922225262                  0
  -0.95104921965739                  0
  -0.95104921709874                  0
  -0.95104921457602                  0
  -0.95104921208863                  0
  -0.95104920963596                  0
  -0.95104920721742                  0
  -0.95104920483246                  0
  -0.95104920248049                  0
  -0.95104920016097                  0
  -0.95104919787336                  0
  -0.95104919561713                  0
  -0.95104919339176                  0
  -0.95104919119675                  0
  -0.95104918903160                  0
  -0.95104918689583                  0
  -0.95104918478896                  0
  -0.95104918271052                  0
  -0.95104918066006                  0
  -0.95104917863713                  0
  -0.95104917664129                  0
  -0.95104917467210                  0
  -0.95104917272916                  0
  -0.95104917081204                  0
  -0.95104916892034                  0
  -0.95104916705366                  0
  -0.95104916521161                  0
  -0.95104916339381                  0
  -0.95104916159989                  0
  -0.95104915982947                  0
  -0.95104915808220                  0
  -0.95104915635771                  0
  -0.95104915465568                  0
  -0.95104915297573                  0
  -0.95104915131756                  0
  -0.95104914968082                  0
  -0.95104914806520                  0
  -0.95104914647039                  0
  -0.95104914489605                  0
  -0.95104914334190                  0
  -0.95104914180763                  0
  -0.95104914029296                  0
  -0.95104913879758                  0
  -0.95104913732121                  0
  -0.95104913586358                  0
  -0.95104913442441                  0
  -0.95104913300343                  0
  -0.95104913160039                  0
  -0.95104913021501                  0
  -0.95104912884705                  0
  -0.95104912749624                  0
  -0.95104912616235                  0
  -0.95104912484514                  0
  -0.95104912354435                  0
  -0.95104912225977                  0
  -0.95104912099117                  0
  -0.95104911973830                  0
  -0.95104911850095                  0
  -0.95104911727890                  0
  -0.95104911607195                  0
  -0.95104911487986                  0
  -0.95104911370246                  0
  -0.95104911253950                  0
  -0.95104911139081                  0
  -0.95104911025618                  0
  -0.95104910913543                  0
  -0.95104910802835                  0
  -0.95104910693476                  0
  -0.95104910585449                  0
  -0.95104910478732                  0
  -0.95104910373309                  0
  -0.95104910269163                  0
  -0.95104910166277                  0
  -0.95104910064633                  0
  -0.95104909964213                  0
  -0.95104909865004                  0
  -0.95104909766985                  0
  -0.95104909670143                  0
  -0.95104909574461                  0
  -0.95104909479925                  0
  -0.95104909386518                  0
  -0.95104909294226                  0
  -0.95104909203033                  0
  -0.95104909112926                  0
  -0.95104909023890                  0
  -0.95104908935910                  0
  -0.95104908848972                  0
  -0.95104908763063                  0
  -0.95104908678171                  0
  -0.95104908594279                  0
  -0.95104908511377                  0
  -0.95104908429451                  0
  -0.95104908348488                  0
  -0.95104908268475                  0
  -0.95104908189402                  0
  -0.95104908111254                  0
  -0.95104908034020                  0
  -0.95104907957689                  0
  -0.95104907882248                  0
  -0.95104907807687                  0
  -0.95104907733994                  0
  -0.95104907661157                  0
  -0.95104907589166                  0
  -0.95104907518010                  0
  -0.95104907447679                  0
  -0.95104907378161                  0
  -0.95104907309447                  0
  -0.95104907241525                  0
  -0.95104907174388                  0
  -0.95104907108023                  0
  -0.95104907042421                  0
  -0.95104906977574                  0
  -0.95104906913472                  0
  -0.95104906850104                  0
  -0.95104906787461                  0
  -0.95104906725536                  0
  -0.95104906664318                  0
  -0.95104906603799                  0
  -0.95104906543969                  0
  -0.95104906484822                  0
  -0.95104906426347                  0
  -0.95104906368537                  0
  -0.95104906311384                  0
  -0.95104906254878                  0
  -0.95104906199013                  0
  -0.95104906143780                  0
  -0.95104906089171                  0
  -0.95104906035179                  0
  -0.95104905981796                  0
  -0.95104905929015                  0
  -0.95104905876828                  0
  -0.95104905825228                  0
  -0.95104905774208                  0
  -0.95104905723760                  0
  -0.95104905673879                  0
  -0.95104905624556                  0
  -0.95104905575784                  0
  -0.95104905527558                  0
  -0.95104905479871                  0
  -0.95104905432716                  0
  -0.95104905386085                  0
  -0.95104905339974                  0
  -0.95104905294377                  0
  -0.95104905249286                  0
  -0.95104905204695                  0
  -0.95104905160599                  0
  -0.95104905116991                  0
  -0.95104905073866                  0
  -0.95104905031218                  0
  -0.95104904989041                  0
  -0.95104904947329                  0
  -0.95104904906076                  0
  -0.95104904865280                  0
  -0.95104904824931                  0
  -0.95104904785025                  0
  -0.95104904745559                  0
  -0.95104904706525                  0
  -0.95104904667918                  0
  -0.95104904629735                  0
  -0.95104904591968                  0
  -0.95104904554615                  0
  -0.95104904517669                  0
  -0.95104904481127                  0
  -0.95104904444982                  0
  -0.95104904409230                  0
  -0.95104904373868                  0
  -0.95104904338889                  0
  -0.95104904304290                  0
  -0.95104904270066                  0
  -0.95104904236213                  0
  -0.95104904202726                  0
  -0.95104904169601                  0
  -0.95104904136833                  0
  -0.95104904104418                  0
  -0.95104904072354                  0
  -0.95104904040633                  0
  -0.95104904009255                  0
  -0.95104903978213                  0
  -0.95104903947504                  0
  -0.95104903917125                  0
  -0.95104903887071                  0
  -0.95104903857338                  0
  -0.95104903827923                  0
  -0.95104903798822                  0
  -0.95104903770031                  0
  -0.95104903741546                  0
  -0.95104903713366                  0
  -0.95104903685484                  0
  -0.95104903657898                  0
  -0.95104903630605                  0
  -0.95104903603601                  0
  -0.95104903576883                  0
  -0.95104903550448                  0
  -0.95104903524291                  0
  -0.95104903498409                  0
  -0.95104903472801                  0
  -0.95104903447463                  0
  -0.95104903422390                  0
  -0.95104903397581                  0
  -0.95104903373031                  0
  -0.95104903348740                  0
  -0.95104903324702                  0
  -0.95104903300915                  0
  -0.95104903277376                  0
  -0.95104903254084                  0
  -0.95104903231033                  0
  -0.95104903208222                  0
  -0.95104903185647                  0
  -0.95104903163307                  0
  -0.95104903141198                  0
  -0.95104903119319                  0
  -0.95104903097665                  0
  -0.95104903076234                  0
  -0.95104903055024                  0
  -0.95104903034033                  0
  -0.95104903013257                  0
  -0.95104902992695                  0
  -0.95104902972343                  0
  -0.95104902952200                  0
  -0.95104902932262                  0
  -0.95104902912528                  0
  -0.95104902892995                  0
  -0.95104902873660                  0
  -0.95104902854522                  0
  -0.95104902835578                  0
  -0.95104902816827                  0
  -0.95104902798265                  0
  -0.95104902779891                  0
  -0.95104902761701                  0
  -0.95104902743695                  0
  -0.95104902725869                  0
  -0.95104902708224                  0
  -0.95104902690755                  0
  -0.95104902673461                  0
  -0.95104902656339                  0
  -0.95104902639388                  0
  -0.95104902622606                  0
  -0.95104902605990                  0
  -0.95104902589540                  0
  -0.95104902573252                  0
  -0.95104902557126                  0
  -0.95104902541158                  0
  -0.95104902525348                  0
  -0.95104902509693                  0
  -0.95104902494192                  0
  -0.95104902478843                  0
  -0.95104902463644                  0
  -0.95104902448593                  0
  -0.95104902433689                  0
  -0.95104902418931                  0
  -0.95104902404314                  0
  -0.95104902389839                  0
  -0.95104902375504                  0
  -0.95104902361308                  0
  -0.95104902347248                  0
  -0.95104902333323                  0
  -0.95104902319532                  0
  -0.95104902305872                  0
  -0.95104902292343                  0
  -0.95104902278942                  0
  -0.95104902265669                  0
  -0.95104902252521                  0
  -0.95104902239498                  0
  -0.95104902226598                  0
  -0.95104902213818                  0
  -0.95104902201159                  0
  -0.95104902188618                  0
  -0.95104902176194                  0
  -0.95104902163887                  0
  -0.95104902151693                  0
  -0.95104902139612                  0
  -0.95104902127643                  0
  -0.95104902115784                  0
  -0.95104902104035                  0
  -0.95104902092393                  0
  -0.95104902080857                  0
  -0.95104902069426                  0
  -0.95104902058100                  0
  -0.95104902046876                  0
  -0.95104902035753                  0
  -0.95104902024731                  0
  -0.95104902013808                  0
  -0.95104902002983                  0
  -0.95104901992254                  0
  -0.95104901981620                  0
  -0.95104901971082                  0
  -0.95104901960636                  0
  -0.95104901950281                  0
  -0.95104901940019                  0
  -0.95104901929846                  0
  -0.95104901919761                  0
  -0.95104901909765                  0


num_iterations =

   886


avg_ll =

   -9.517177432264773e+003

