
a =

   0.49571085026953   0.50428914973047
   0.56936818076346   0.43063181923654


b =

  Columns 1 through 9 

   0.04104734647655   0.00747160348753   0.03001293562798   0.01949425114993   0.02814249931857   0.04248189212499   0.01456174384347   0.06771177854434   0.01481393690685
   0.06356204501908   0.01644534690730   0.05821363003608   0.08146579331618   0.00321847861331   0.05802125852649   0.00908110348702   0.02694355513742   0.00511161424309

  Columns 10 through 18 

   0.04398084234761   0.00695361725507   0.03213872637701   0.02715731425651   0.06710560137448   0.06372690369377   0.05792833287268   0.07118798306307   0.03827221239077
   0.05675294511974   0.06616905344797   0.00689554380098   0.02587598762767   0.06539035633923   0.06665507045561   0.04518910189882   0.00996778662074   0.05667992853032

  Columns 19 through 27 

   0.02063088057872   0.00469386090185   0.06068438451987   0.01244488860824   0.05978729243744   0.06419688850227   0.06991790868759   0.00350373895086   0.02995063570199
   0.03851778438729   0.05659300857061   0.01509557982382   0.00706852183663   0.01391645026238   0.05346926099696   0.01251659746123   0.03948896414925   0.04169523338476


a_ =

   0.25964337398902   0.74035662601098
   0.72449916074872   0.27550083925128


b_ =

  Columns 1 through 9 

   0.12093817019360   0.00000000000000   0.00000000000000   0.00000000000000   0.22963613383001   0.00000000000000   0.00000000000000   0.00602970551643   0.10345586237654
   0.00630399652483   0.02634985474429   0.04860084319502   0.06792407000750   0.00000000000000   0.03513313965905   0.02517875008899   0.09012649387252   0.00000000000000

  Columns 10 through 18 

   0.00000000000000   0.00084272385993   0.00000000000000   0.00000000000000   0.00000000000000   0.11900414227128   0.00000000000000   0.00000039262997   0.00000000000000
   0.00175665698295   0.01791250720277   0.06441075604160   0.04450197690147   0.09837279104535   0.00000000000000   0.03337648267610   0.00117072020504   0.10422831432186

  Columns 19 through 27 

   0.00000000000000   0.00000000000000   0.04485080738867   0.00000000000000   0.00000000000000   0.00000000000000   0.00088732292952   0.00000000000000   0.37435473900406
   0.09837279104535   0.14580252958507   0.00000000000000   0.02049433146778   0.03103427336550   0.00175665698295   0.03660651175633   0.00058555232765   0.00000000000006


ans =

  1.0e+004 *

  -1.15722563893494                  0
  -0.95852598055963                  0
  -0.95837993568610                  0
  -0.95818011492841                  0
  -0.95790238656607                  0
  -0.95751050431755                  0
  -0.95694992483365                  0
  -0.95613929725659                  0
  -0.95496067263009                  0
  -0.95325484531617                  0
  -0.95084338621391                  0
  -0.94762124407291                  0
  -0.94373107780520                  0
  -0.93964473543053                  0
  -0.93592772995962                  0
  -0.93292225089356                  0
  -0.93066612916813                  0
  -0.92900701219582                  0
  -0.92776550294679                  0
  -0.92681101892483                  0
  -0.92606151612174                  0
  -0.92546524792524                  0
  -0.92498722410118                  0
  -0.92460180848789                  0
  -0.92428911560353                  0
  -0.92403335318479                  0
  -0.92382202597172                  0
  -0.92364545148684                  0
  -0.92349634744354                  0
  -0.92336940794022                  0
  -0.92326086074925                  0
  -0.92316803254782                  0
  -0.92308896082415                  0
  -0.92302208650635                  0
  -0.92296604476394                  0
  -0.92291955046719                  0
  -0.92288135793282                  0
  -0.92285026705624                  0
  -0.92282514973537                  0
  -0.92280497792176                  0
  -0.92278884329592                  0
  -0.92277596550471                  0
  -0.92276569010970                  0
  -0.92275747919176                  0
  -0.92275089777302                  0
  -0.92274559865287                  0
  -0.92274130745826                  0
  -0.92273780897410                  0
  -0.92273493525937                  0
  -0.92273255567931                  0
  -0.92273056876196                  0
  -0.92272889567469                  0
  -0.92272747507578                  0
  -0.92272625909630                  0
  -0.92272521023039                  0
  -0.92272429894306                  0
  -0.92272350183756                  0
  -0.92272280025523                  0
  -0.92272217920703                  0
  -0.92272162655817                  0
  -0.92272113240529                  0
  -0.92272068859982                  0
  -0.92272028838213                  0
  -0.92271992609965                  0
  -0.92271959698882                  0
  -0.92271929700552                  0
  -0.92271902269238                  0
  -0.92271877107446                  0
  -0.92271853957657                  0
  -0.92271832595732                  0
  -0.92271812825612                  0
  -0.92271794475034                  0
  -0.92271777392033                  0
  -0.92271761442069                  0
  -0.92271746505654                  0
  -0.92271732476372                  0
  -0.92271719259215                  0
  -0.92271706769190                  0
  -0.92271694930113                  0
  -0.92271683673603                  0
  -0.92271672938203                  0
  -0.92271662668626                  0
  -0.92271652815096                  0
  -0.92271643332778                  0
  -0.92271634181276                  0
  -0.92271625324199                  0
  -0.92271616728764                  0
  -0.92271608365454                  0
  -0.92271600207722                  0
  -0.92271592231707                  0
  -0.92271584415997                  0
  -0.92271576741406                  0
  -0.92271569190785                  0
  -0.92271561748836                  0
  -0.92271554401962                  0
  -0.92271547138116                  0
  -0.92271539946664                  0
  -0.92271532818278                  0
  -0.92271525744812                  0
  -0.92271518719214                  0
  -0.92271511735423                  0
  -0.92271504788291                  0
  -0.92271497873502                  0
  -0.92271490987503                  0
  -0.92271484127433                  0
  -0.92271477291063                  0
  -0.92271470476743                  0
  -0.92271463683343                  0
  -0.92271456910208                  0
  -0.92271450157109                  0
  -0.92271443424208                  0
  -0.92271436712008                  0
  -0.92271430021327                  0
  -0.92271423353259                  0
  -0.92271416709139                  0
  -0.92271410090525                  0
  -0.92271403499157                  0
  -0.92271396936941                  0
  -0.92271390405926                  0
  -0.92271383908276                  0
  -0.92271377446252                  0
  -0.92271371022197                  0
  -0.92271364638513                  0
  -0.92271358297648                  0
  -0.92271352002077                  0
  -0.92271345754298                  0
  -0.92271339556800                  0
  -0.92271333412069                  0
  -0.92271327322566                  0
  -0.92271321290722                  0
  -0.92271315318921                  0
  -0.92271309409495                  0
  -0.92271303564720                  0
  -0.92271297786796                  0
  -0.92271292077850                  0
  -0.92271286439927                  0
  -0.92271280874977                  0
  -0.92271275384862                  0
  -0.92271269971337                  0
  -0.92271264636059                  0
  -0.92271259380572                  0
  -0.92271254206310                  0
  -0.92271249114591                  0
  -0.92271244106619                  0
  -0.92271239183479                  0
  -0.92271234346135                  0
  -0.92271229595437                  0
  -0.92271224932110                  0
  -0.92271220356759                  0
  -0.92271215869874                  0
  -0.92271211471829                  0
  -0.92271207162881                  0
  -0.92271202943172                  0
  -0.92271198812738                  0
  -0.92271194771505                  0
  -0.92271190819294                  0
  -0.92271186955828                  0
  -0.92271183180732                  0
  -0.92271179493534                  0
  -0.92271175893677                  0
  -0.92271172380521                  0
  -0.92271168953341                  0
  -0.92271165611337                  0
  -0.92271162353639                  0
  -0.92271159179310                  0
  -0.92271156087350                  0
  -0.92271153076700                  0
  -0.92271150146251                  0
  -0.92271147294843                  0
  -0.92271144521273                  0
  -0.92271141824294                  0
  -0.92271139202631                  0
  -0.92271136654970                  0
  -0.92271134179975                  0
  -0.92271131776277                  0
  -0.92271129442500                  0
  -0.92271127177238                  0
  -0.92271124979086                  0
  -0.92271122846615                  0
  -0.92271120778397                  0
  -0.92271118773004                  0
  -0.92271116828994                  0
  -0.92271114944939                  0
  -0.92271113119407                  0
  -0.92271111350978                  0
  -0.92271109638234                  0
  -0.92271107979770                  0
  -0.92271106374195                  0
  -0.92271104820130                  0
  -0.92271103316210                  0
  -0.92271101861088                  0
  -0.92271100453434                  0
  -0.92271099091936                  0
  -0.92271097775306                  0
  -0.92271096502272                  0
  -0.92271095271585                  0
  -0.92271094082022                  0
  -0.92271092932375                  0
  -0.92271091821467                  0
  -0.92271090748146                  0
  -0.92271089711271                  0
  -0.92271088709742                  0
  -0.92271087742472                  0
  -0.92271086808402                  0
  -0.92271085906502                  0
  -0.92271085035762                  0
  -0.92271084195198                  0
  -0.92271083383846                  0
  -0.92271082600779                  0
  -0.92271081845078                  0
  -0.92271081115860                  0
  -0.92271080412263                  0
  -0.92271079733443                  0
  -0.92271079078588                  0
  -0.92271078446904                  0
  -0.92271077837619                  0
  -0.92271077249982                  0
  -0.92271076683272                  0
  -0.92271076136778                  0
  -0.92271075609817                  0
  -0.92271075101726                  0
  -0.92271074611860                  0
  -0.92271074139595                  0
  -0.92271073684325                  0
  -0.92271073245467                  0
  -0.92271072822448                  0
  -0.92271072414723                  0
  -0.92271072021757                  0
  -0.92271071643036                  0
  -0.92271071278062                  0
  -0.92271070926349                  0
  -0.92271070587434                  0
  -0.92271070260864                  0
  -0.92271069946202                  0
  -0.92271069643027                  0
  -0.92271069350932                  0
  -0.92271069069519                  0
  -0.92271068798410                  0
  -0.92271068537238                  0
  -0.92271068285644                  0
  -0.92271068043284                  0
  -0.92271067809831                  0
  -0.92271067584960                  0
  -0.92271067368362                  0
  -0.92271067159742                  0
  -0.92271066958808                  0
  -0.92271066765284                  0
  -0.92271066578900                  0
  -0.92271066399397                  0
  -0.92271066226526                  0
  -0.92271066060044                  0
  -0.92271065899719                  0
  -0.92271065745327                  0
  -0.92271065596652                  0
  -0.92271065453483                  0
  -0.92271065315620                  0
  -0.92271065182869                  0
  -0.92271065055042                  0
  -0.92271064931956                  0
  -0.92271064813442                  0
  -0.92271064699328                  0
  -0.92271064589454                  0
  -0.92271064483664                  0
  -0.92271064381806                  0
  -0.92271064283737                  0
  -0.92271064189316                  0
  -0.92271064098408                  0
  -0.92271064010887                  0
  -0.92271063926621                  0
  -0.92271063845496                  0
  -0.92271063767393                  0
  -0.92271063692202                  0
  -0.92271063619811                  0
  -0.92271063550119                  0
  -0.92271063483029                  0
  -0.92271063418440                  0
  -0.92271063356260                  0
  -0.92271063296401                  0
  -0.92271063238776                  0
  -0.92271063183304                  0
  -0.92271063129901                  0
  -0.92271063078493                  0
  -0.92271063029005                  0
  -0.92271062981367                  0
  -0.92271062935507                  0
  -0.92271062891359                  0
  -0.92271062848866                  0
  -0.92271062807958                  0
  -0.92271062768580                  0
  -0.92271062730675                  0
  -0.92271062694184                  0
  -0.92271062659063                  0
  -0.92271062625254                  0
  -0.92271062592707                  0
  -0.92271062561379                  0
  -0.92271062531222                  0
  -0.92271062502196                  0
  -0.92271062474255                  0
  -0.92271062447357                  0
  -0.92271062421470                  0
  -0.92271062396549                  0
  -0.92271062372563                  0
  -0.92271062349474                  0
  -0.92271062327250                  0
  -0.92271062305858                  0
  -0.92271062285265                  0
  -0.92271062265446                  0
  -0.92271062246368                  0
  -0.92271062228003                  0
  -0.92271062210328                  0
  -0.92271062193314                  0
  -0.92271062176938                  0
  -0.92271062161174                  0
  -0.92271062146003                  0
  -0.92271062131397                  0
  -0.92271062117340                  0
  -0.92271062103810                  0
  -0.92271062090788                  0
  -0.92271062078253                  0
  -0.92271062066188                  0
  -0.92271062054576                  0
  -0.92271062043396                  0
  -0.92271062032637                  0
  -0.92271062022281                  0
  -0.92271062012315                  0


num_iterations =

   325


avg_ll =

   -9.248648639826120e+003

