
a =

   0.40256830203813   0.59743169796187
   0.60145944671456   0.39854055328544


b =

  Columns 1 through 9 

   0.05678192523870   0.04711252545686   0.06558649216859   0.00883527409151   0.06053909471516   0.00289590359713   0.00632207063011   0.06408988684421   0.03613297437893
   0.06506742916586   0.05578099262825   0.02968472037142   0.05349590755931   0.01260024114920   0.03536892376995   0.04798313743382   0.03378585808471   0.00490771891514

  Columns 10 through 18 

   0.03323829081216   0.01966939312918   0.05073510888477   0.00517664474895   0.05147983660305   0.05454186238088   0.02060989558365   0.04756527484090   0.05476479819584
   0.03082060003163   0.02138141392800   0.00714493216252   0.05321402034101   0.04856591015134   0.02762458634863   0.02736302502289   0.01242788224980   0.03441443446871

  Columns 19 through 27 

   0.04861104599953   0.02439706537697   0.04372371436850   0.00051229507652   0.06361592173889   0.05269237517448   0.05363660933670   0.01201191265913   0.01472180796872
   0.07343580369282   0.05394575244092   0.05029273896451   0.04828573813008   0.04526832705346   0.00023277324135   0.04737540925645   0.03907747796026   0.04045424547795


a_ =

   0.26090679833611   0.73909320166389
   0.72572039736680   0.27427960263320


b_ =

  Columns 1 through 9 

   0.12099614639265   0.00000000000000   0.00000000000000   0.00000000000000   0.22924333619948   0.00000000000000   0.00000000000000   0.00618695561663   0.10327889886070
   0.00605438389856   0.02639413767204   0.04868252059510   0.06803822155460   0.00000000000000   0.03519218356273   0.02522106488662   0.09011332777456   0.00000000000000

  Columns 10 through 18 

   0.00000000000000   0.00089949622342   0.00000000000000   0.00000000000000   0.00000000000000   0.11880058308254   0.00000000000000   0.00119397482705   0.00000000000000
   0.00175960917814   0.01788541581712   0.06451900319833   0.04457676584612   0.09853811397563   0.00000000000000   0.03343257438459   0.00000000086688   0.10440347790275

  Columns 19 through 27 

   0.00000000000000   0.00000000000040   0.04470791724404   0.00000000000000   0.00000000000000   0.00000000000000   0.00097829452057   0.00000000000000   0.37371439703251
   0.09853811397563   0.14604756178492   0.00006501338720   0.02052877374492   0.03108642881374   0.00175960917814   0.03657716160796   0.00058653639271   0.00000000000100


ans =

  1.0e+004 *

  -1.11591578531696                  0
  -0.95832067849505                  0
  -0.95797101597665                  0
  -0.95756145297679                  0
  -0.95703564651058                  0
  -0.95632056714348                  0
  -0.95531449744255                  0
  -0.95387702597927                  0
  -0.95183393090864                  0
  -0.94902934632606                  0
  -0.94546282330841                  0
  -0.94145837875739                  0
  -0.93763973892399                  0
  -0.93453784065447                  0
  -0.93221744168578                  0
  -0.93046581242052                  0
  -0.92910721811412                  0
  -0.92804331977436                  0
  -0.92719116414106                  0
  -0.92648504098024                  0
  -0.92588542512760                  0
  -0.92537138159499                  0
  -0.92493146595500                  0
  -0.92455801978510                  0
  -0.92424433010207                  0
  -0.92398358372842                  0
  -0.92376877219430                  0
  -0.92359297468952                  0
  -0.92344969379255                  0
  -0.92333310160330                  0
  -0.92323816285952                  0
  -0.92316065315687                  0
  -0.92309710665470                  0
  -0.92304472605949                  0
  -0.92300127935469                  0
  -0.92296499868665                  0
  -0.92293448954693                  0
  -0.92290865345998                  0
  -0.92288662445893                  0
  -0.92286771813198                  0
  -0.92285139141847                  0
  -0.92283721123477                  0
  -0.92282483016378                  0
  -0.92281396769417                  0
  -0.92280439576826                  0
  -0.92279592764803                  0
  -0.92278840932424                  0
  -0.92278171286971                  0
  -0.92277573127757                  0
  -0.92277037443463                  0
  -0.92276556596402                  0
  -0.92276124073554                  0
  -0.92275734289045                  0
  -0.92275382426474                  0
  -0.92275064312213                  0
  -0.92274776312947                  0
  -0.92274515252259                  0
  -0.92274278342287                  0
  -0.92274063127377                  0
  -0.92273867437336                  0
  -0.92273689348416                  0
  -0.92273527150572                  0
  -0.92273379319833                  0
  -0.92273244494856                  0
  -0.92273121456951                  0
  -0.92273009112966                  0
  -0.92272906480569                  0
  -0.92272812675531                  0
  -0.92272726900699                  0
  -0.92272648436409                  0
  -0.92272576632094                  0
  -0.92272510898949                  0
  -0.92272450703467                  0
  -0.92272395561764                  0
  -0.92272345034539                  0
  -0.92272298722621                  0
  -0.92272256263021                  0
  -0.92272217325390                  0
  -0.92272181608901                  0
  -0.92272148839417                  0
  -0.92272118766992                  0
  -0.92272091163608                  0
  -0.92272065821145                  0
  -0.92272042549561                  0
  -0.92272021175249                  0
  -0.92272001539548                  0
  -0.92271983497411                  0
  -0.92271966916180                  0
  -0.92271951674506                  0
  -0.92271937661336                  0
  -0.92271924775024                  0
  -0.92271912922504                  0
  -0.92271902018553                  0
  -0.92271891985101                  0
  -0.92271882750627                  0
  -0.92271874249593                  0
  -0.92271866421932                  0
  -0.92271859212584                  0
  -0.92271852571066                  0
  -0.92271846451094                  0
  -0.92271840810214                  0
  -0.92271835609497                  0
  -0.92271830813225                  0
  -0.92271826388629                  0
  -0.92271822305647                  0
  -0.92271818536691                  0
  -0.92271815056439                  0
  -0.92271811841654                  0
  -0.92271808871004                  0
  -0.92271806124903                  0
  -0.92271803585375                  0
  -0.92271801235906                  0
  -0.92271799061338                  0
  -0.92271797047747                  0
  -0.92271795182343                  0
  -0.92271793453382                  0
  -0.92271791850068                  0
  -0.92271790362489                  0
  -0.92271788981535                  0
  -0.92271787698833                  0
  -0.92271786506689                  0
  -0.92271785398033                  0
  -0.92271784366364                  0
  -0.92271783405702                  0
  -0.92271782510559                  0
  -0.92271781675878                  0
  -0.92271780897016                  0
  -0.92271780169695                  0
  -0.92271779489985                  0
  -0.92271778854269                  0
  -0.92271778259222                  0
  -0.92271777701775                  0
  -0.92271777179113                  0
  -0.92271776688640                  0
  -0.92271776227966                  0
  -0.92271775794892                  0
  -0.92271775387390                  0
  -0.92271775003592                  0
  -0.92271774641781                  0
  -0.92271774300371                  0
  -0.92271773977898                  0
  -0.92271773673015                  0
  -0.92271773384483                  0
  -0.92271773111154                  0
  -0.92271772851969                  0
  -0.92271772605953                  0
  -0.92271772372207                  0
  -0.92271772149899                  0
  -0.92271771938256                  0
  -0.92271771736575                  0
  -0.92271771544195                  0
  -0.92271771360511                  0
  -0.92271771184962                  0
  -0.92271771017029                  0
  -0.92271770856231                  0
  -0.92271770702124                  0
  -0.92271770554295                  0
  -0.92271770412363                  0
  -0.92271770275973                  0
  -0.92271770144796                  0
  -0.92271770018531                  0
  -0.92271769896891                  0
  -0.92271769779615                  0
  -0.92271769666461                  0
  -0.92271769557194                  0
  -0.92271769451613                  0
  -0.92271769349517                  0
  -0.92271769250719                  0
  -0.92271769155053                  0
  -0.92271769062359                  0
  -0.92271768972490                  0
  -0.92271768885302                  0
  -0.92271768800669                  0
  -0.92271768718472                  0
  -0.92271768638592                  0
  -0.92271768560928                  0
  -0.92271768485378                  0
  -0.92271768411847                  0
  -0.92271768340250                  0
  -0.92271768270504                  0
  -0.92271768202532                  0
  -0.92271768136263                  0
  -0.92271768071624                  0
  -0.92271768008554                  0
  -0.92271767946991                  0
  -0.92271767886877                  0
  -0.92271767828160                  0
  -0.92271767770786                  0
  -0.92271767714709                  0
  -0.92271767659882                  0
  -0.92271767606260                  0
  -0.92271767553805                  0
  -0.92271767502475                  0
  -0.92271767452233                  0
  -0.92271767403045                  0
  -0.92271767354876                  0
  -0.92271767307695                  0
  -0.92271767261472                  0
  -0.92271767216175                  0
  -0.92271767171780                  0
  -0.92271767128259                  0
  -0.92271767085583                  0
  -0.92271767043733                  0
  -0.92271767002685                  0
  -0.92271766962414                  0
  -0.92271766922898                  0
  -0.92271766884120                  0
  -0.92271766846060                  0
  -0.92271766808694                  0
  -0.92271766772009                  0
  -0.92271766735989                  0
  -0.92271766700609                  0
  -0.92271766665861                  0
  -0.92271766631726                  0
  -0.92271766598188                  0
  -0.92271766565233                  0
  -0.92271766532852                  0
  -0.92271766501020                  0
  -0.92271766469735                  0
  -0.92271766438980                  0
  -0.92271766408743                  0
  -0.92271766379010                  0
  -0.92271766349773                  0
  -0.92271766321018                  0
  -0.92271766292738                  0
  -0.92271766264917                  0
  -0.92271766237550                  0
  -0.92271766210624                  0
  -0.92271766184133                  0
  -0.92271766158062                  0
  -0.92271766132406                  0
  -0.92271766107155                  0
  -0.92271766082303                  0
  -0.92271766057839                  0
  -0.92271766033755                  0
  -0.92271766010043                  0
  -0.92271765986699                  0
  -0.92271765963709                  0
  -0.92271765941071                  0
  -0.92271765918777                  0
  -0.92271765896822                  0
  -0.92271765875195                  0
  -0.92271765853890                  0
  -0.92271765832905                  0
  -0.92271765812230                  0
  -0.92271765791860                  0
  -0.92271765771789                  0
  -0.92271765752013                  0
  -0.92271765732522                  0
  -0.92271765713315                  0
  -0.92271765694386                  0
  -0.92271765675728                  0
  -0.92271765657338                  0
  -0.92271765639208                  0
  -0.92271765621337                  0
  -0.92271765603718                  0
  -0.92271765586347                  0
  -0.92271765569217                  0
  -0.92271765552330                  0
  -0.92271765535675                  0
  -0.92271765519248                  0
  -0.92271765503053                  0
  -0.92271765487078                  0
  -0.92271765471319                  0
  -0.92271765455776                  0
  -0.92271765440443                  0
  -0.92271765425319                  0
  -0.92271765410396                  0
  -0.92271765395674                  0
  -0.92271765381150                  0
  -0.92271765366816                  0
  -0.92271765352675                  0
  -0.92271765338719                  0
  -0.92271765324948                  0
  -0.92271765311356                  0
  -0.92271765297942                  0
  -0.92271765284702                  0
  -0.92271765271631                  0
  -0.92271765258732                  0
  -0.92271765245997                  0
  -0.92271765233426                  0
  -0.92271765221013                  0
  -0.92271765208761                  0
  -0.92271765196661                  0
  -0.92271765184715                  0
  -0.92271765172922                  0
  -0.92271765161274                  0
  -0.92271765149771                  0
  -0.92271765138412                  0
  -0.92271765127193                  0
  -0.92271765116113                  0
  -0.92271765105170                  0
  -0.92271765094360                  0
  -0.92271765083682                  0
  -0.92271765073136                  0
  -0.92271765062717                  0
  -0.92271765052424                  0
  -0.92271765042253                  0
  -0.92271765032207                  0
  -0.92271765022280                  0


num_iterations =

   300


avg_ll =

   -9.247567963035437e+003

