
a =

   0.12266758234426   0.87733241765574
   0.73581427481031   0.26418572518969


b =

  Columns 1 through 9 

   0.01687051108647   0.00068663269627   0.00164521397326   0.03260730291222   0.08957398160094   0.01507208845721   0.00271755896631   0.00251489506371   0.09242087834966
   0.00697627849813   0.07169356803326   0.07979730354116   0.06563627362882   0.01414887646364   0.02848511650769   0.03250503721987   0.07213748352328   0.01001973064432

  Columns 10 through 18 

   0.05758564344764   0.02867528374353   0.02065590343562   0.01249969583460   0.08578784916995   0.04728773046716   0.00200697657643   0.07811099184148   0.01729504035504
   0.01204963678257   0.01225103775438   0.03604268129500   0.02191015479675   0.03554769467599   0.00844345536794   0.01450033913486   0.07990746542642   0.09010106327078

  Columns 19 through 27 

   0.06585708359973   0.04436206069708   0.02659440507116   0.02427617009700   0.08482349371807   0.00124359074253   0.06461873255430   0.05491903914266   0.02929124639994
   0.07919952473163   0.04508256784789   0.00553905203347   0.01692951922220   0.01120496955421   0.03360169629080   0.08083398759606   0.01424185044305   0.02121363571580


a_ =

   0.25964336070248   0.74035663929752
   0.72449914655535   0.27550085344465


b_ =

  Columns 1 through 9 

   0.12093816865140   0.00000000000000   0.00000000000000   0.00000000000000   0.22963613818396                  0   0.00000000000000   0.00602970349138   0.10345586433808
   0.00630400016311   0.02634985425510   0.04860084229274   0.06792406874648   0.00000000000000   0.03513313900680   0.02517874962154   0.09012649429411   0.00000000000000

  Columns 10 through 18 

                  0   0.00084272254895   0.00000000000000   0.00000000000000   0.00000000000000   0.11900414452762   0.00000000000000   0.00000038552511   0.00000000000000
   0.00175665695034   0.01791250816953   0.06441075484580   0.04450197607528   0.09837278921904   0.00000000000000   0.03337648205646   0.00117072714016   0.10422831238684

  Columns 19 through 27 

   0.00000000000000   0.00000000000000   0.04485080823905                  0   0.00000000000000   0.00000000000000   0.00088731839251                  0   0.37435474610197
   0.09837278921904   0.14580252687822   0.00000000000000   0.02049433108730   0.03103427278934   0.00175665695034   0.03660651553569   0.00058555231678   0.00000000000000


ans =

  1.0e+004 *

  -1.14024884929016                  0
  -0.94516164976716                  0
  -0.94101581999356                  0
  -0.93784744718452                  0
  -0.93518482230796                  0
  -0.93290025728204                  0
  -0.93099912236212                  0
  -0.92947528884656                  0
  -0.92827526569583                  0
  -0.92732500470226                  0
  -0.92655754613007                  0
  -0.92592411621522                  0
  -0.92539341288287                  0
  -0.92494634175759                  0
  -0.92457062248791                  0
  -0.92425702437330                  0
  -0.92399740207058                  0
  -0.92378401850639                  0
  -0.92360953809726                  0
  -0.92346723686315                  0
  -0.92335118953595                  0
  -0.92325635321860                  0
  -0.92317855209290                  0
  -0.92311439726139                  0
  -0.92306117623799                  0
  -0.92301673673053                  0
  -0.92297937882386                  0
  -0.92294776184931                  0
  -0.92292082742546                  0
  -0.92289773764833                  0
  -0.92287782635503                  0
  -0.92286056114054                  0
  -0.92284551395891                  0
  -0.92283233844762                  0
  -0.92282075245463                  0
  -0.92281052456168                  0
  -0.92280146366527                  0
  -0.92279341089353                  0
  -0.92278623330806                  0
  -0.92277981897243                  0
  -0.92277407306956                  0
  -0.92276891482742                  0
  -0.92276427507006                  0
  -0.92276009425497                  0
  -0.92275632089038                  0
  -0.92275291025122                  0
  -0.92274982333100                  0
  -0.92274702598135                  0
  -0.92274448820128                  0
  -0.92274218354720                  0
  -0.92274008864010                  0
  -0.92273818275228                  0
  -0.92273644745855                  0
  -0.92273486634090                  0
  -0.92273342473695                  0
  -0.92273210952506                  0
  -0.92273090893984                  0
  -0.92272981241308                  0
  -0.92272881043635                  0
  -0.92272789444159                  0
  -0.92272705669718                  0
  -0.92272629021719                  0
  -0.92272558868177                  0
  -0.92272494636721                  0
  -0.92272435808435                  0
  -0.92272381912412                  0
  -0.92272332520933                  0
  -0.92272287245189                  0
  -0.92272245731467                  0
  -0.92272207657760                  0
  -0.92272172730732                  0
  -0.92272140683004                  0
  -0.92272111270725                  0
  -0.92272084271379                  0
  -0.92272059481832                  0
  -0.92272036716553                  0
  -0.92272015806023                  0
  -0.92271996595293                  0
  -0.92271978942684                  0
  -0.92271962718605                  0
  -0.92271947804491                  0
  -0.92271934091827                  0
  -0.92271921481276                  0
  -0.92271909881881                  0
  -0.92271899210332                  0
  -0.92271889390313                  0
  -0.92271880351905                  0
  -0.92271872031026                  0
  -0.92271864368941                  0
  -0.92271857311812                  0
  -0.92271850810265                  0
  -0.92271844819038                  0
  -0.92271839296607                  0
  -0.92271834204890                  0
  -0.92271829508955                  0
  -0.92271825176746                  0
  -0.92271821178852                  0
  -0.92271817488283                  0
  -0.92271814080268                  0
  -0.92271810932070                  0
  -0.92271808022816                  0
  -0.92271805333346                  0
  -0.92271802846067                  0
  -0.92271800544820                  0
  -0.92271798414773                  0
  -0.92271796442300                  0
  -0.92271794614883                  0
  -0.92271792921028                  0
  -0.92271791350172                  0
  -0.92271789892614                  0
  -0.92271788539436                  0
  -0.92271787282443                  0
  -0.92271786114105                  0
  -0.92271785027502                  0
  -0.92271784016270                  0
  -0.92271783074558                  0
  -0.92271782196989                  0
  -0.92271781378620                  0
  -0.92271780614899                  0
  -0.92271779901643                  0
  -0.92271779235003                  0
  -0.92271778611439                  0
  -0.92271778027692                  0
  -0.92271777480763                  0
  -0.92271776967893                  0
  -0.92271776486543                  0
  -0.92271776034371                  0
  -0.92271775609223                  0
  -0.92271775209115                  0
  -0.92271774832219                  0
  -0.92271774476853                  0
  -0.92271774141461                  0
  -0.92271773824615                  0
  -0.92271773524994                  0
  -0.92271773241383                  0
  -0.92271772972659                  0
  -0.92271772717786                  0
  -0.92271772475808                  0
  -0.92271772245845                  0
  -0.92271772027079                  0
  -0.92271771818761                  0
  -0.92271771620195                  0
  -0.92271771430736                  0
  -0.92271771249792                  0
  -0.92271771076814                  0
  -0.92271770911292                  0
  -0.92271770752755                  0
  -0.92271770600768                  0
  -0.92271770454927                  0
  -0.92271770314860                  0
  -0.92271770180215                  0
  -0.92271770050676                  0
  -0.92271769925941                  0
  -0.92271769805734                  0
  -0.92271769689794                  0
  -0.92271769577889                  0
  -0.92271769469789                  0
  -0.92271769365292                  0
  -0.92271769264201                  0
  -0.92271769166337                  0
  -0.92271769071537                  0
  -0.92271768979639                  0
  -0.92271768890501                  0
  -0.92271768803984                  0
  -0.92271768719962                  0
  -0.92271768638320                  0
  -0.92271768558940                  0
  -0.92271768481719                  0
  -0.92271768406561                  0
  -0.92271768333375                  0
  -0.92271768262072                  0
  -0.92271768192574                  0
  -0.92271768124803                  0
  -0.92271768058687                  0
  -0.92271767994162                  0
  -0.92271767931158                  0
  -0.92271767869620                  0
  -0.92271767809491                  0
  -0.92271767750717                  0
  -0.92271767693245                  0
  -0.92271767637030                  0
  -0.92271767582025                  0
  -0.92271767528187                  0
  -0.92271767475477                  0
  -0.92271767423851                  0
  -0.92271767373277                  0
  -0.92271767323718                  0
  -0.92271767275141                  0
  -0.92271767227514                  0
  -0.92271767180805                  0
  -0.92271767134988                  0
  -0.92271767090032                  0
  -0.92271767045911                  0
  -0.92271767002600                  0
  -0.92271766960075                  0
  -0.92271766918312                  0
  -0.92271766877290                  0
  -0.92271766836983                  0
  -0.92271766797376                  0
  -0.92271766758442                  0
  -0.92271766720171                  0
  -0.92271766682534                  0
  -0.92271766645520                  0
  -0.92271766609109                  0
  -0.92271766573287                  0
  -0.92271766538034                  0
  -0.92271766503338                  0
  -0.92271766469180                  0
  -0.92271766435551                  0
  -0.92271766402431                  0
  -0.92271766369807                  0
  -0.92271766337669                  0
  -0.92271766306002                  0
  -0.92271766274793                  0
  -0.92271766244029                  0
  -0.92271766213701                  0
  -0.92271766183793                  0
  -0.92271766154299                  0
  -0.92271766125202                  0
  -0.92271766096497                  0
  -0.92271766068169                  0
  -0.92271766040210                  0
  -0.92271766012610                  0
  -0.92271765985357                  0
  -0.92271765958443                  0
  -0.92271765931860                  0
  -0.92271765905595                  0
  -0.92271765879643                  0
  -0.92271765853991                  0
  -0.92271765828634                  0
  -0.92271765803561                  0
  -0.92271765778764                  0
  -0.92271765754238                  0
  -0.92271765729968                  0
  -0.92271765705953                  0
  -0.92271765682181                  0
  -0.92271765658646                  0
  -0.92271765635338                  0
  -0.92271765612253                  0
  -0.92271765589381                  0
  -0.92271765566715                  0
  -0.92271765544246                  0
  -0.92271765521972                  0
  -0.92271765499878                  0
  -0.92271765477965                  0
  -0.92271765456221                  0
  -0.92271765434641                  0
  -0.92271765413219                  0
  -0.92271765391943                  0
  -0.92271765370814                  0
  -0.92271765349817                  0
  -0.92271765328951                  0
  -0.92271765308208                  0
  -0.92271765287582                  0
  -0.92271765267065                  0
  -0.92271765246648                  0
  -0.92271765226330                  0
  -0.92271765206099                  0
  -0.92271765185952                  0
  -0.92271765165882                  0
  -0.92271765145881                  0
  -0.92271765125940                  0
  -0.92271765106060                  0
  -0.92271765086225                  0
  -0.92271765066439                  0
  -0.92271765046684                  0
  -0.92271765026960                  0
  -0.92271765007262                  0
  -0.92271764987577                  0
  -0.92271764967900                  0
  -0.92271764948230                  0
  -0.92271764928551                  0
  -0.92271764908864                  0
  -0.92271764889155                  0
  -0.92271764869424                  0
  -0.92271764849658                  0
  -0.92271764829854                  0
  -0.92271764810000                  0
  -0.92271764790095                  0
  -0.92271764770126                  0
  -0.92271764750088                  0
  -0.92271764729972                  0
  -0.92271764709772                  0
  -0.92271764689480                  0
  -0.92271764669087                  0
  -0.92271764648585                  0
  -0.92271764627966                  0
  -0.92271764607223                  0
  -0.92271764586344                  0
  -0.92271764565327                  0
  -0.92271764544156                  0
  -0.92271764522828                  0
  -0.92271764501331                  0
  -0.92271764479656                  0
  -0.92271764457794                  0
  -0.92271764435737                  0
  -0.92271764413472                  0
  -0.92271764390993                  0
  -0.92271764368289                  0
  -0.92271764345346                  0
  -0.92271764322160                  0
  -0.92271764298717                  0
  -0.92271764275007                  0
  -0.92271764251018                  0
  -0.92271764226738                  0
  -0.92271764202158                  0
  -0.92271764177264                  0
  -0.92271764152046                  0
  -0.92271764126490                  0
  -0.92271764100586                  0
  -0.92271764074319                  0
  -0.92271764047678                  0
  -0.92271764020649                  0
  -0.92271763993215                  0
  -0.92271763965367                  0
  -0.92271763937087                  0
  -0.92271763908363                  0
  -0.92271763879180                  0
  -0.92271763849521                  0
  -0.92271763819371                  0
  -0.92271763788716                  0
  -0.92271763757536                  0
  -0.92271763725816                  0
  -0.92271763693541                  0
  -0.92271763660687                  0
  -0.92271763627245                  0
  -0.92271763593189                  0
  -0.92271763558502                  0
  -0.92271763523171                  0
  -0.92271763487166                  0
  -0.92271763450472                  0
  -0.92271763413065                  0
  -0.92271763374928                  0
  -0.92271763336037                  0
  -0.92271763296371                  0
  -0.92271763255902                  0
  -0.92271763214610                  0
  -0.92271763172470                  0
  -0.92271763129458                  0
  -0.92271763085548                  0
  -0.92271763040712                  0
  -0.92271762994924                  0
  -0.92271762948158                  0
  -0.92271762900382                  0
  -0.92271762851568                  0
  -0.92271762801690                  0
  -0.92271762750713                  0
  -0.92271762698607                  0
  -0.92271762645339                  0
  -0.92271762590873                  0
  -0.92271762535182                  0
  -0.92271762478223                  0
  -0.92271762419966                  0
  -0.92271762360368                  0
  -0.92271762299397                  0
  -0.92271762237010                  0
  -0.92271762173169                  0
  -0.92271762107832                  0
  -0.92271762040954                  0
  -0.92271761972496                  0
  -0.92271761902406                  0
  -0.92271761830648                  0
  -0.92271761757166                  0
  -0.92271761681918                  0
  -0.92271761604849                  0
  -0.92271761525907                  0
  -0.92271761445045                  0
  -0.92271761362200                  0
  -0.92271761277323                  0
  -0.92271761190356                  0
  -0.92271761101238                  0
  -0.92271761009909                  0
  -0.92271760916302                  0
  -0.92271760820360                  0
  -0.92271760722012                  0
  -0.92271760621195                  0
  -0.92271760517831                  0
  -0.92271760411852                  0
  -0.92271760303188                  0
  -0.92271760191754                  0
  -0.92271760077480                  0
  -0.92271759960279                  0
  -0.92271759840072                  0
  -0.92271759716774                  0
  -0.92271759590289                  0
  -0.92271759460537                  0
  -0.92271759327414                  0
  -0.92271759190838                  0
  -0.92271759050694                  0
  -0.92271758906894                  0
  -0.92271758759323                  0
  -0.92271758607877                  0
  -0.92271758452446                  0
  -0.92271758292916                  0
  -0.92271758129164                  0
  -0.92271757961076                  0
  -0.92271757788521                  0
  -0.92271757611370                  0
  -0.92271757429496                  0
  -0.92271757242755                  0
  -0.92271757051015                  0
  -0.92271756854120                  0
  -0.92271756651928                  0
  -0.92271756444283                  0
  -0.92271756231024                  0
  -0.92271756011992                  0
  -0.92271755787015                  0
  -0.92271755555919                  0
  -0.92271755318525                  0
  -0.92271755074650                  0
  -0.92271754824101                  0
  -0.92271754566684                  0
  -0.92271754302194                  0
  -0.92271754030428                  0
  -0.92271753751166                  0
  -0.92271753464185                  0
  -0.92271753169262                  0
  -0.92271752866159                  0
  -0.92271752554629                  0
  -0.92271752234427                  0
  -0.92271751905291                  0
  -0.92271751566955                  0
  -0.92271751219144                  0
  -0.92271750861580                  0
  -0.92271750493962                  0
  -0.92271750115995                  0
  -0.92271749727364                  0
  -0.92271749327751                  0
  -0.92271748916827                  0
  -0.92271748494245                  0
  -0.92271748059657                  0
  -0.92271747612701                  0
  -0.92271747153003                  0
  -0.92271746680176                  0
  -0.92271746193824                  0
  -0.92271745693532                  0
  -0.92271745178882                  0
  -0.92271744649437                  0
  -0.92271744104746                  0
  -0.92271743544345                  0
  -0.92271742967763                  0
  -0.92271742374497                  0
  -0.92271741764045                  0
  -0.92271741135880                  0
  -0.92271740489467                  0
  -0.92271739824247                  0
  -0.92271739139652                  0
  -0.92271738435084                  0
  -0.92271737709943                  0
  -0.92271736963602                  0
  -0.92271736195412                  0
  -0.92271735404712                  0
  -0.92271734590818                  0
  -0.92271733753032                  0
  -0.92271732890626                  0
  -0.92271732002862                  0
  -0.92271731088968                  0
  -0.92271730148162                  0
  -0.92271729179637                  0
  -0.92271728182562                  0
  -0.92271727156082                  0
  -0.92271726099324                  0
  -0.92271725011389                  0
  -0.92271723891354                  0
  -0.92271722738282                  0
  -0.92271721551191                  0
  -0.92271720329098                  0
  -0.92271719070982                  0
  -0.92271717775805                  0
  -0.92271716442506                  0
  -0.92271715069993                  0
  -0.92271713657155                  0
  -0.92271712202862                  0
  -0.92271710705953                  0
  -0.92271709165251                  0
  -0.92271707579558                  0
  -0.92271705947646                  0
  -0.92271704268278                  0
  -0.92271702540188                  0
  -0.92271700762099                  0
  -0.92271698932711                  0
  -0.92271697050711                  0
  -0.92271695114776                  0
  -0.92271693123559                  0
  -0.92271691075709                  0
  -0.92271688969868                  0
  -0.92271686804663                  0
  -0.92271684578726                  0
  -0.92271682290682                  0
  -0.92271679939151                  0
  -0.92271677522770                  0
  -0.92271675040168                  0
  -0.92271672489995                  0
  -0.92271669870908                  0
  -0.92271667181584                  0
  -0.92271664420719                  0
  -0.92271661587040                  0
  -0.92271658679298                  0
  -0.92271655696273                  0
  -0.92271652636800                  0
  -0.92271649499742                  0
  -0.92271646284024                  0
  -0.92271642988613                  0
  -0.92271639612543                  0
  -0.92271636154908                  0
  -0.92271632614878                  0
  -0.92271628991698                  0
  -0.92271625284689                  0
  -0.92271621493260                  0
  -0.92271617616922                  0
  -0.92271613655267                  0
  -0.92271609608010                  0
  -0.92271605474960                  0
  -0.92271601256046                  0
  -0.92271596951312                  0
  -0.92271592560925                  0
  -0.92271588085189                  0
  -0.92271583524522                  0
  -0.92271578879494                  0
  -0.92271574150802                  0
  -0.92271569339287                  0
  -0.92271564445935                  0
  -0.92271559471874                  0
  -0.92271554418384                  0
  -0.92271549286883                  0
  -0.92271544078947                  0
  -0.92271538796288                  0
  -0.92271533440774                  0
  -0.92271528014417                  0
  -0.92271522519361                  0
  -0.92271516957904                  0
  -0.92271511332473                  0
  -0.92271505645630                  0
  -0.92271499900069                  0
  -0.92271494098604                  0
  -0.92271488244173                  0
  -0.92271482339829                  0
  -0.92271476388724                  0
  -0.92271470394124                  0
  -0.92271464359381                  0
  -0.92271458287939                  0
  -0.92271452183322                  0
  -0.92271446049121                  0
  -0.92271439889008                  0
  -0.92271433706692                  0
  -0.92271427505944                  0
  -0.92271421290576                  0
  -0.92271415064423                  0
  -0.92271408831351                  0
  -0.92271402595243                  0
  -0.92271396359986                  0
  -0.92271390129463                  0
  -0.92271383907551                  0
  -0.92271377698106                  0
  -0.92271371504961                  0
  -0.92271365331906                  0
  -0.92271359182696                  0
  -0.92271353061032                  0
  -0.92271346970552                  0
  -0.92271340914834                  0
  -0.92271334897378                  0
  -0.92271328921603                  0
  -0.92271322990842                  0
  -0.92271317108331                  0
  -0.92271311277211                  0
  -0.92271305500509                  0
  -0.92271299781145                  0
  -0.92271294121921                  0
  -0.92271288525517                  0
  -0.92271282994487                  0
  -0.92271277531252                  0
  -0.92271272138109                  0
  -0.92271266817215                  0
  -0.92271261570584                  0
  -0.92271256400096                  0
  -0.92271251307485                  0
  -0.92271246294355                  0
  -0.92271241362153                  0
  -0.92271236512190                  0
  -0.92271231745642                  0
  -0.92271227063533                  0
  -0.92271222466756                  0
  -0.92271217956064                  0
  -0.92271213532080                  0
  -0.92271209195288                  0
  -0.92271204946054                  0
  -0.92271200784610                  0
  -0.92271196711068                  0
  -0.92271192725426                  0
  -0.92271188827569                  0
  -0.92271185017265                  0
  -0.92271181294194                  0
  -0.92271177657913                  0
  -0.92271174107912                  0
  -0.92271170643572                  0
  -0.92271167264192                  0
  -0.92271163969001                  0
  -0.92271160757145                  0
  -0.92271157627700                  0
  -0.92271154579684                  0
  -0.92271151612050                  0
  -0.92271148723702                  0
  -0.92271145913484                  0
  -0.92271143180206                  0
  -0.92271140522633                  0
  -0.92271137939494                  0
  -0.92271135429484                  0
  -0.92271132991273                  0
  -0.92271130623506                  0
  -0.92271128324807                  0
  -0.92271126093785                  0
  -0.92271123929039                  0
  -0.92271121829153                  0
  -0.92271119792706                  0
  -0.92271117818275                  0
  -0.92271115904437                  0
  -0.92271114049765                  0
  -0.92271112252843                  0
  -0.92271110512262                  0
  -0.92271108826612                  0
  -0.92271107194505                  0
  -0.92271105614556                  0
  -0.92271104085404                  0
  -0.92271102605693                  0
  -0.92271101174085                  0
  -0.92271099789270                  0
  -0.92271098449947                  0
  -0.92271097154837                  0
  -0.92271095902689                  0
  -0.92271094692260                  0
  -0.92271093522343                  0
  -0.92271092391749                  0
  -0.92271091299309                  0
  -0.92271090243880                  0
  -0.92271089224346                  0
  -0.92271088239611                  0
  -0.92271087288606                  0
  -0.92271086370287                  0
  -0.92271085483634                  0
  -0.92271084627649                  0
  -0.92271083801363                  0
  -0.92271083003825                  0
  -0.92271082234117                  0
  -0.92271081491341                  0
  -0.92271080774621                  0
  -0.92271080083103                  0
  -0.92271079415964                  0
  -0.92271078772397                  0
  -0.92271078151619                  0
  -0.92271077552874                  0
  -0.92271076975420                  0
  -0.92271076418543                  0
  -0.92271075881549                  0
  -0.92271075363763                  0
  -0.92271074864527                  0
  -0.92271074383215                  0
  -0.92271073919205                  0
  -0.92271073471903                  0
  -0.92271073040735                  0
  -0.92271072625140                  0
  -0.92271072224578                  0
  -0.92271071838521                  0
  -0.92271071466469                  0
  -0.92271071107927                  0
  -0.92271070762419                  0
  -0.92271070429489                  0
  -0.92271070108692                  0
  -0.92271069799595                  0
  -0.92271069501789                  0
  -0.92271069214869                  0
  -0.92271068938446                  0
  -0.92271068672152                  0
  -0.92271068415615                  0
  -0.92271068168494                  0
  -0.92271067930445                  0
  -0.92271067701147                  0
  -0.92271067480280                  0
  -0.92271067267546                  0
  -0.92271067062644                  0
  -0.92271066865297                  0
  -0.92271066675225                  0
  -0.92271066492171                  0
  -0.92271066315876                  0
  -0.92271066146094                  0
  -0.92271065982592                  0
  -0.92271065825136                  0
  -0.92271065673509                  0
  -0.92271065527495                  0
  -0.92271065386891                  0
  -0.92271065251498                  0
  -0.92271065121129                  0
  -0.92271064995596                  0
  -0.92271064874719                  0
  -0.92271064758330                  0
  -0.92271064646264                  0
  -0.92271064538365                  0
  -0.92271064434476                  0
  -0.92271064334448                  0
  -0.92271064238141                  0
  -0.92271064145416                  0
  -0.92271064056146                  0
  -0.92271063970197                  0
  -0.92271063887450                  0
  -0.92271063807783                  0
  -0.92271063731088                  0
  -0.92271063657251                  0
  -0.92271063586162                  0
  -0.92271063517727                  0
  -0.92271063451844                  0
  -0.92271063388419                  0
  -0.92271063327361                  0
  -0.92271063268580                  0
  -0.92271063211996                  0
  -0.92271063157522                  0
  -0.92271063105083                  0
  -0.92271063054602                  0
  -0.92271063006008                  0
  -0.92271062959227                  0
  -0.92271062914195                  0
  -0.92271062870847                  0
  -0.92271062829119                  0
  -0.92271062788949                  0
  -0.92271062750281                  0
  -0.92271062713061                  0
  -0.92271062677231                  0
  -0.92271062642740                  0
  -0.92271062609543                  0
  -0.92271062577584                  0
  -0.92271062546824                  0
  -0.92271062517211                  0
  -0.92271062488708                  0
  -0.92271062461273                  0
  -0.92271062434861                  0
  -0.92271062409441                  0
  -0.92271062384971                  0
  -0.92271062361420                  0
  -0.92271062338747                  0
  -0.92271062316923                  0
  -0.92271062295917                  0
  -0.92271062275698                  0
  -0.92271062256237                  0
  -0.92271062237504                  0
  -0.92271062219473                  0
  -0.92271062202115                  0
  -0.92271062185409                  0
  -0.92271062169331                  0
  -0.92271062153851                  0
  -0.92271062138954                  0
  -0.92271062124613                  0
  -0.92271062110811                  0
  -0.92271062097526                  0
  -0.92271062084738                  0
  -0.92271062072430                  0
  -0.92271062060582                  0
  -0.92271062049180                  0
  -0.92271062038202                  0
  -0.92271062027637                  0
  -0.92271062017471                  0
  -0.92271062007684                  0


num_iterations =

   759


avg_ll =

   -9.231713170160798e+003

