
a =

   0.82081123961670   0.17918876038330
   0.69710244369757   0.30289755630244


b =

  Columns 1 through 9 

   0.00656900581257   0.06071649163748   0.01765873969180   0.05190230650642   0.06565124206862   0.03283130367357   0.00406483589205   0.03183570656081   0.05974160358147
   0.03780341092867   0.03290273023617   0.02977431087232   0.05468132968839   0.06996976473963   0.05291978228128   0.04555327150708   0.07251446959364   0.03967777826603

  Columns 10 through 18 

   0.05497227726548   0.00000278657279   0.03457052882816   0.01588801229731   0.06283430560515   0.01758136320091   0.05884640313391   0.03549993993025   0.02274439363157
   0.05511402994006   0.01102622836845   0.00322065899135   0.02754793167468   0.02635887545760   0.03637869779559   0.01550031809461   0.03799608110927   0.03193309046097

  Columns 19 through 27 

   0.06192694367014   0.06173737736406   0.05582997620601   0.00456262664088   0.02609324165995   0.06772363698673   0.01765214553411   0.03658442866282   0.03397837738499
   0.06395928469627   0.03843016542334   0.01126483476381   0.03151874526361   0.04066638911332   0.02873914439282   0.04914078167959   0.01373007234835   0.04167782231310


a_ =

   0.78727102420302   0.21272897579698
   0.35187859844210   0.64812140155790


b_ =

  Columns 1 through 9 

   0.06058595042480   0.02066706326642   0.02398455945242   0.05504485754558   0.11982607849808   0.02847147804070   0.02040455926259   0.00161008695149   0.06967835797485
   0.06704462378209   0.00113686524805   0.02550282660062   0.00000000000000   0.10331524590408   0.00000000000020   0.00000000000000   0.12620103203739   0.02055728134560

  Columns 10 through 18 

   0.00142357390204   0.01518474545455   0.05219765554636   0.03606387218504   0.07972013851429   0.07444925879465   0.02704790413878   0.00094904926803   0.08446521387225
   0.00000000000000   0.00000007092957   0.00000008974292   0.00000000000000   0.00000000000000   0.03308721027276   0.00000000000000   0.00000000000000   0.00000028313312

  Columns 19 through 27 

   0.01964301798156   0.00657383938211   0.03558934755102   0.01660836219048   0.00000000000000   0.00000000000000   0.00150849217656   0.00047452463401   0.14782801299134
   0.09948301167933   0.18477237838227   0.00000000000000   0.00000000000000   0.04164611057125   0.00235732701347   0.04779169792118   0.00000000000000   0.24710394543609


ans =

  1.0e+004 *

  -1.12565380224967                  0
  -0.95935090176968                  0
  -0.95927014543662                  0
  -0.95920927016168                  0
  -0.95916213746682                  0
  -0.95912470065100                  0
  -0.95909420461061                  0
  -0.95906872031147                  0
  -0.95904686312186                  0
  -0.95902761654240                  0
  -0.95901021860050                  0
  -0.95899408670230                  0
  -0.95897876674761                  0
  -0.95896389792525                  0
  -0.95894918785379                  0
  -0.95893439466710                  0
  -0.95891931382553                  0
  -0.95890376817251                  0
  -0.95888760022806                  0
  -0.95887066601806                  0
  -0.95885282994173                  0
  -0.95883396031666                  0
  -0.95881392533455                  0
  -0.95879258922565                  0
  -0.95876980847481                  0
  -0.95874542796456                  0
  -0.95871927694339                  0
  -0.95869116473488                  0
  -0.95866087611756                  0
  -0.95862816631746                  0
  -0.95859275556746                  0
  -0.95855432319962                  0
  -0.95851250124685                  0
  -0.95846686753599                  0
  -0.95841693824783                  0
  -0.95836215989119                  0
  -0.95830190057196                  0
  -0.95823544032173                  0
  -0.95816196007543                  0
  -0.95808052867360                  0
  -0.95799008708576                  0
  -0.95788942907948                  0
  -0.95777717812293                  0
  -0.95765176194250                  0
  -0.95751138961857                  0
  -0.95735404228947                  0
  -0.95717749816020                  0
  -0.95697942533777                  0
  -0.95675758927247                  0
  -0.95651022744209                  0
  -0.95623662686583                  0
  -0.95593787818696                  0
  -0.95561765872274                  0
  -0.95528274124026                  0
  -0.95494283549546                  0
  -0.95460949685272                  0
  -0.95429424057987                  0
  -0.95400648328589                  0
  -0.95375210915312                  0
  -0.95353313224783                  0
  -0.95334834600202                  0
  -0.95319445995786                  0
  -0.95306721582573                  0
  -0.95296220462654                  0
  -0.95287534057954                  0
  -0.95280307089688                  0
  -0.95274242419538                  0
  -0.95269097652384                  0
  -0.95264678256915                  0
  -0.95260829651149                  0
  -0.95257429390297                  0
  -0.95254379956054                  0
  -0.95251602346276                  0
  -0.95249030507639                  0
  -0.95246606568696                  0
  -0.95244276810519                  0
  -0.95241988373726                  0
  -0.95239686861101                  0
  -0.95237315247113                  0
  -0.95234814768611                  0
  -0.95232128517225                  0
  -0.95229207916846                  0
  -0.95226020956826                  0
  -0.95222559570496                  0
  -0.95218843351989                  0
  -0.95214918588413                  0
  -0.95210853694702                  0
  -0.95206732420631                  0
  -0.95202645254722                  0
  -0.95198679500312                  0
  -0.95194909741633                  0
  -0.95191391072928                  0
  -0.95188156565362                  0
  -0.95185218771653                  0
  -0.95182573843422                  0
  -0.95180206564692                  0
  -0.95178095029592                  0
  -0.95176214324354                  0
  -0.95174539081124                  0
  -0.95173045053924                  0
  -0.95171709964939                  0
  -0.95170513860808                  0
  -0.95169439167615                  0
  -0.95168470576713                  0
  -0.95167594846695                  0
  -0.95166800573206                  0
  -0.95166077956117                  0
  -0.95165418579760                  0
  -0.95164815213621                  0
  -0.95164261636171                  0
  -0.95163752481821                  0
  -0.95163283109600                  0
  -0.95162849491494                  0
  -0.95162448118136                  0
  -0.95162075919552                  0
  -0.95161730198778                  0
  -0.95161408576395                  0
  -0.95161108944235                  0
  -0.95160829426733                  0
  -0.95160568348660                  0
  -0.95160324208115                  0
  -0.95160095653872                  0
  -0.95159881466324                  0
  -0.95159680541381                  0
  -0.95159491876819                  0
  -0.95159314560636                  0
  -0.95159147761090                  0
  -0.95158990718110                  0
  -0.95158842735869                  0
  -0.95158703176318                  0
  -0.95158571453534                  0
  -0.95158447028743                  0
  -0.95158329405938                  0
  -0.95158218127978                  0
  -0.95158112773118                  0
  -0.95158012951910                  0
  -0.95157918304417                  0
  -0.95157828497701                  0
  -0.95157743223570                  0
  -0.95157662196523                  0
  -0.95157585151893                  0
  -0.95157511844165                  0
  -0.95157442045434                  0
  -0.95157375544005                  0
  -0.95157312143117                  0
  -0.95157251659771                  0
  -0.95157193923664                  0
  -0.95157138776206                  0
  -0.95157086069625                  0
  -0.95157035666142                  0
  -0.95156987437216                  0
  -0.95156941262850                  0
  -0.95156897030956                  0
  -0.95156854636760                  0
  -0.95156813982274                  0
  -0.95156774975794                  0
  -0.95156737531440                  0
  -0.95156701568740                  0
  -0.95156667012245                  0
  -0.95156633791161                  0
  -0.95156601839030                  0
  -0.95156571093419                  0
  -0.95156541495645                  0
  -0.95156512990509                  0
  -0.95156485526063                  0
  -0.95156459053385                  0
  -0.95156433526373                  0
  -0.95156408901561                  0
  -0.95156385137940                  0
  -0.95156362196795                  0
  -0.95156340041558                  0
  -0.95156318637667                  0
  -0.95156297952435                  0
  -0.95156277954933                  0
  -0.95156258615881                  0
  -0.95156239907537                  0
  -0.95156221803608                  0
  -0.95156204279160                  0
  -0.95156187310531                  0
  -0.95156170875258                  0
  -0.95156154952005                  0
  -0.95156139520490                  0
  -0.95156124561433                  0
  -0.95156110056489                  0
  -0.95156095988196                  0
  -0.95156082339928                  0
  -0.95156069095841                  0
  -0.95156056240834                  0
  -0.95156043760509                  0
  -0.95156031641124                  0
  -0.95156019869564                  0
  -0.95156008433307                  0
  -0.95155997320387                  0
  -0.95155986519369                  0
  -0.95155976019320                  0
  -0.95155965809779                  0
  -0.95155955880738                  0
  -0.95155946222614                  0
  -0.95155936826231                  0
  -0.95155927682797                  0
  -0.95155918783885                  0
  -0.95155910121414                  0
  -0.95155901687635                  0
  -0.95155893475111                  0
  -0.95155885476706                  0
  -0.95155877685565                  0
  -0.95155870095106                  0
  -0.95155862699003                  0
  -0.95155855491177                  0
  -0.95155848465783                  0
  -0.95155841617199                  0
  -0.95155834940016                  0
  -0.95155828429028                  0
  -0.95155822079225                  0
  -0.95155815885781                  0
  -0.95155809844047                  0
  -0.95155803949544                  0
  -0.95155798197956                  0
  -0.95155792585120                  0
  -0.95155787107024                  0
  -0.95155781759796                  0
  -0.95155776539699                  0
  -0.95155771443129                  0
  -0.95155766466604                  0
  -0.95155761606764                  0
  -0.95155756860362                  0
  -0.95155752224261                  0
  -0.95155747695431                  0
  -0.95155743270942                  0
  -0.95155738947960                  0
  -0.95155734723747                  0
  -0.95155730595653                  0
  -0.95155726561114                  0
  -0.95155722617649                  0
  -0.95155718762857                  0
  -0.95155714994412                  0
  -0.95155711310064                  0
  -0.95155707707631                  0
  -0.95155704185001                  0
  -0.95155700740127                  0
  -0.95155697371024                  0
  -0.95155694075771                  0
  -0.95155690852501                  0
  -0.95155687699407                  0
  -0.95155684614734                  0
  -0.95155681596783                  0
  -0.95155678643900                  0
  -0.95155675754483                  0
  -0.95155672926980                  0
  -0.95155670159877                  0
  -0.95155667451710                  0
  -0.95155664801055                  0
  -0.95155662206527                  0
  -0.95155659666786                  0
  -0.95155657180523                  0
  -0.95155654746470                  0
  -0.95155652363393                  0
  -0.95155650030094                  0
  -0.95155647745407                  0
  -0.95155645508198                  0
  -0.95155643317365                  0
  -0.95155641171833                  0
  -0.95155639070561                  0
  -0.95155637012532                  0
  -0.95155634996758                  0
  -0.95155633022276                  0
  -0.95155631088152                  0
  -0.95155629193472                  0
  -0.95155627337349                  0
  -0.95155625518917                  0
  -0.95155623737336                  0
  -0.95155621991785                  0
  -0.95155620281463                  0
  -0.95155618605592                  0
  -0.95155616963414                  0
  -0.95155615354187                  0
  -0.95155613777192                  0
  -0.95155612231724                  0
  -0.95155610717099                  0
  -0.95155609232648                  0
  -0.95155607777718                  0
  -0.95155606351675                  0
  -0.95155604953897                  0
  -0.95155603583780                  0
  -0.95155602240732                  0
  -0.95155600924178                  0
  -0.95155599633556                  0
  -0.95155598368317                  0
  -0.95155597127925                  0
  -0.95155595911857                  0
  -0.95155594719602                  0
  -0.95155593550661                  0
  -0.95155592404550                  0
  -0.95155591280790                  0
  -0.95155590178919                  0
  -0.95155589098482                  0
  -0.95155588039036                  0
  -0.95155587000149                  0
  -0.95155585981397                  0
  -0.95155584982367                  0
  -0.95155584002655                  0
  -0.95155583041866                  0
  -0.95155582099615                  0
  -0.95155581175523                  0
  -0.95155580269223                  0
  -0.95155579380354                  0
  -0.95155578508562                  0
  -0.95155577653504                  0
  -0.95155576814844                  0
  -0.95155575992250                  0
  -0.95155575185401                  0
  -0.95155574393980                  0
  -0.95155573617681                  0
  -0.95155572856200                  0
  -0.95155572109242                  0
  -0.95155571376520                  0
  -0.95155570657750                  0
  -0.95155569952656                  0
  -0.95155569260967                  0
  -0.95155568582418                  0
  -0.95155567916750                  0
  -0.95155567263710                  0
  -0.95155566623048                  0
  -0.95155565994522                  0
  -0.95155565377893                  0
  -0.95155564772930                  0
  -0.95155564179403                  0
  -0.95155563597091                  0
  -0.95155563025772                  0
  -0.95155562465233                  0
  -0.95155561915265                  0
  -0.95155561375663                  0
  -0.95155560846225                  0
  -0.95155560326755                  0
  -0.95155559817058                  0
  -0.95155559316946                  0
  -0.95155558826234                  0
  -0.95155558344741                  0
  -0.95155557872289                  0
  -0.95155557408703                  0
  -0.95155556953814                  0
  -0.95155556507453                  0
  -0.95155556069458                  0
  -0.95155555639668                  0
  -0.95155555217925                  0
  -0.95155554804076                  0
  -0.95155554397969                  0
  -0.95155553999457                  0
  -0.95155553608394                  0
  -0.95155553224638                  0
  -0.95155552848051                  0
  -0.95155552478495                  0
  -0.95155552115836                  0
  -0.95155551759944                  0
  -0.95155551410689                  0
  -0.95155551067946                  0
  -0.95155550731592                  0
  -0.95155550401503                  0
  -0.95155550077563                  0
  -0.95155549759656                  0
  -0.95155549447664                  0
  -0.95155549141479                  0
  -0.95155548840989                  0
  -0.95155548546086                  0
  -0.95155548256667                  0
  -0.95155547972626                  0
  -0.95155547693863                  0
  -0.95155547420277                  0
  -0.95155547151773                  0
  -0.95155546888252                  0
  -0.95155546629622                  0
  -0.95155546375792                  0
  -0.95155546126670                  0
  -0.95155545882166                  0
  -0.95155545642197                  0
  -0.95155545406676                  0
  -0.95155545175519                  0
  -0.95155544948644                  0
  -0.95155544725972                  0
  -0.95155544507422                  0
  -0.95155544292919                  0
  -0.95155544082386                  0
  -0.95155543875749                  0
  -0.95155543672934                  0
  -0.95155543473871                  0
  -0.95155543278489                  0
  -0.95155543086719                  0
  -0.95155542898494                  0
  -0.95155542713746                  0
  -0.95155542532413                  0
  -0.95155542354429                  0
  -0.95155542179732                  0
  -0.95155542008260                  0
  -0.95155541839954                  0
  -0.95155541674753                  0
  -0.95155541512602                  0
  -0.95155541353442                  0
  -0.95155541197217                  0
  -0.95155541043873                  0
  -0.95155540893357                  0
  -0.95155540745615                  0
  -0.95155540600596                  0
  -0.95155540458249                  0
  -0.95155540318524                  0
  -0.95155540181372                  0
  -0.95155540046747                  0
  -0.95155539914600                  0
  -0.95155539784885                  0
  -0.95155539657558                  0
  -0.95155539532573                  0
  -0.95155539409888                  0
  -0.95155539289459                  0
  -0.95155539171244                  0
  -0.95155539055203                  0
  -0.95155538941295                  0
  -0.95155538829481                  0
  -0.95155538719721                  0
  -0.95155538611977                  0
  -0.95155538506212                  0
  -0.95155538402389                  0
  -0.95155538300473                  0
  -0.95155538200426                  0
  -0.95155538102216                  0
  -0.95155538005808                  0
  -0.95155537911169                  0
  -0.95155537818264                  0
  -0.95155537727064                  0
  -0.95155537637536                  0
  -0.95155537549648                  0
  -0.95155537463371                  0
  -0.95155537378675                  0
  -0.95155537295530                  0
  -0.95155537213908                  0
  -0.95155537133780                  0
  -0.95155537055119                  0
  -0.95155536977897                  0
  -0.95155536902089                  0
  -0.95155536827668                  0
  -0.95155536754607                  0
  -0.95155536682882                  0
  -0.95155536612469                  0
  -0.95155536543342                  0
  -0.95155536475479                  0
  -0.95155536408856                  0
  -0.95155536343449                  0
  -0.95155536279237                  0
  -0.95155536216197                  0
  -0.95155536154308                  0
  -0.95155536093548                  0
  -0.95155536033896                  0
  -0.95155535975333                  0
  -0.95155535917837                  0
  -0.95155535861390                  0
  -0.95155535805971                  0
  -0.95155535751563                  0
  -0.95155535698146                  0
  -0.95155535645701                  0
  -0.95155535594212                  0
  -0.95155535543660                  0
  -0.95155535494027                  0
  -0.95155535445298                  0
  -0.95155535397456                  0
  -0.95155535350483                  0
  -0.95155535304365                  0
  -0.95155535259086                  0
  -0.95155535214628                  0
  -0.95155535170979                  0
  -0.95155535128122                  0
  -0.95155535086044                  0
  -0.95155535044729                  0
  -0.95155535004165                  0
  -0.95155534964336                  0
  -0.95155534925230                  0
  -0.95155534886833                  0
  -0.95155534849132                  0
  -0.95155534812115                  0
  -0.95155534775768                  0
  -0.95155534740080                  0
  -0.95155534705038                  0
  -0.95155534670630                  0
  -0.95155534636846                  0
  -0.95155534603673                  0
  -0.95155534571100                  0
  -0.95155534539116                  0
  -0.95155534507710                  0
  -0.95155534476872                  0
  -0.95155534446592                  0
  -0.95155534416858                  0
  -0.95155534387661                  0
  -0.95155534358992                  0
  -0.95155534330840                  0
  -0.95155534303196                  0
  -0.95155534276050                  0
  -0.95155534249395                  0
  -0.95155534223220                  0
  -0.95155534197517                  0
  -0.95155534172276                  0
  -0.95155534147491                  0
  -0.95155534123152                  0
  -0.95155534099250                  0
  -0.95155534075780                  0
  -0.95155534052731                  0
  -0.95155534030097                  0
  -0.95155534007871                  0
  -0.95155533986044                  0
  -0.95155533964608                  0
  -0.95155533943558                  0
  -0.95155533922886                  0
  -0.95155533902586                  0
  -0.95155533882649                  0
  -0.95155533863070                  0
  -0.95155533843842                  0
  -0.95155533824960                  0
  -0.95155533806415                  0
  -0.95155533788203                  0
  -0.95155533770318                  0
  -0.95155533752753                  0
  -0.95155533735502                  0
  -0.95155533718560                  0
  -0.95155533701921                  0
  -0.95155533685580                  0
  -0.95155533669531                  0
  -0.95155533653769                  0
  -0.95155533638288                  0
  -0.95155533623084                  0
  -0.95155533608152                  0
  -0.95155533593486                  0
  -0.95155533579082                  0
  -0.95155533564935                  0
  -0.95155533551041                  0
  -0.95155533537393                  0
  -0.95155533523990                  0
  -0.95155533510825                  0
  -0.95155533497895                  0
  -0.95155533485195                  0
  -0.95155533472722                  0
  -0.95155533460468                  0
  -0.95155533448435                  0
  -0.95155533436616                  0
  -0.95155533425005                  0
  -0.95155533413602                  0
  -0.95155533402401                  0
  -0.95155533391399                  0
  -0.95155533380593                  0
  -0.95155533369978                  0
  -0.95155533359550                  0
  -0.95155533349309                  0
  -0.95155533339250                  0
  -0.95155533329368                  0


num_iterations =

   549


avg_ll =

   -9.526145684425635e+003

