
a =

   0.12277532914424   0.87722467085576
   0.75912474415375   0.24087525584625


b =

  Columns 1 through 9 

   0.00427910482899   0.02075837624998   0.06566397671490   0.06618615453395   0.01618026141426   0.06256968246163   0.04598608982005   0.04333429078307   0.06178483956768
   0.00544454069855   0.06873385725989   0.04041503913717   0.05034883910701   0.05895827481376   0.00937750437323   0.02164083987980   0.03376383956437   0.01759850081264

  Columns 10 through 18 

   0.04420039240648   0.03192071717400   0.04726505781096   0.04801987926811   0.02751757150680   0.06389368481928   0.04677352768707   0.05552704243013   0.02009320149088
   0.02419206717537   0.03412891658809   0.01746945136778   0.06299042115718   0.03092651974636   0.06417145324709   0.02223465072543   0.07066461398304   0.07266366256233

  Columns 19 through 27 

   0.02951005268443   0.01954406853663   0.03299843375715   0.01310881335294   0.02451862022094   0.00098794752937   0.04939374388444   0.00683956717261   0.05114490189329
   0.00045334810980   0.05037203327388   0.00607756742155   0.07117353176091   0.01015133844289   0.04664171511558   0.00194805843584   0.06503867480139   0.04242074043908


a_ =

   0.27980812775776   0.72019187224224
   0.74347046171573   0.25652953828427


b_ =

  Columns 1 through 9 

   0.00642701289820   0.02620768496291   0.04833861893160   0.06755758790440   0.00000000000000   0.03494357995055   0.02504289896456   0.09551205320859   0.00000000000000
   0.12144978045329   0.00000000000000   0.00000000000000   0.00000000000000   0.23091544119857   0.00000000000000   0.00000000000000   0.00000041162731   0.10403221699832

  Columns 10 through 18 

   0.00174717899753   0.01799072619306   0.06406322990934   0.04426186793737   0.09784202386154   0.00000000000000   0.03319640095302   0.00000011743220   0.10366595385330
   0.00000000000000   0.00066686376671   0.00000000000000   0.00000000000000   0.00000000000000   0.11966711666280   0.00000000000000   0.00120256333649   0.00000000000000

  Columns 19 through 27 

   0.09784202386154   0.14501585679407   0.00026988603442   0.02038375497115   0.03086682895632   0.00174717899753   0.03649514142747   0.00058239299918   0.00000000000015
   0.00000000000000   0.00000000000074   0.04482200480455   0.00000000000000   0.00000000000000   0.00000000000000   0.00080332461413   0.00000000000000   0.37644027653710


ans =

  1.0e+004 *

  -1.15255926919441                  0
  -0.95911846541446                  0
  -0.95703050666176                  0
  -0.95537395756281                  0
  -0.95367226686209                  0
  -0.95176024232442                  0
  -0.94968067621292                  0
  -0.94754905213617                  0
  -0.94539890346884                  0
  -0.94318158483191                  0
  -0.94088680723873                  0
  -0.93860435819397                  0
  -0.93646497692811                  0
  -0.93456793207301                  0
  -0.93296308159566                  0
  -0.93165227452737                  0
  -0.93059786400851                  0
  -0.92974375037176                  0
  -0.92903609896478                  0
  -0.92843326276243                  0
  -0.92790668837828                  0
  -0.92743794076527                  0
  -0.92701520029483                  0
  -0.92663059385849                  0
  -0.92627856643907                  0
  -0.92595503264170                  0
  -0.92565698058737                  0
  -0.92538228366272                  0
  -0.92512956628893                  0
  -0.92489803293097                  0
  -0.92468722115468                  0
  -0.92449669480630                  0
  -0.92432574317904                  0
  -0.92417316992150                  0
  -0.92403722656057                  0
  -0.92391568802333                  0
  -0.92380601982896                  0
  -0.92370557380716                  0
  -0.92361176721054                  0
  -0.92352222846329                  0
  -0.92343491433328                  0
  -0.92334821161176                  0
  -0.92326103243966                  0
  -0.92317289986140                  0
  -0.92308400392177                  0
  -0.92299519592486                  0
  -0.92290788882031                  0
  -0.92282385216994                  0
  -0.92274492763519                  0
  -0.92267272822028                  0
  -0.92260839861632                  0
  -0.92255249351529                  0
  -0.92250498657176                  0
  -0.92246537985286                  0
  -0.92243286217853                  0
  -0.92240646792477                  0
  -0.92238520551010                  0
  -0.92236814430851                  0
  -0.92235446256987                  0
  -0.92234346551813                  0
  -0.92233458398300                  0
  -0.92232736227707                  0
  -0.92232144150946                  0
  -0.92231654218510                  0
  -0.92231244816704                  0
  -0.92230899290448                  0
  -0.92230604813166                  0
  -0.92230351487703                  0
  -0.92230131646351                  0
  -0.92229939314136                  0
  -0.92229769801543                  0
  -0.92229619397548                  0
  -0.92229485139098                  0
  -0.92229364638223                  0
  -0.92229255952225                  0
  -0.92229157485960                  0
  -0.92229067917927                  0
  -0.92228986144050                  0
  -0.92228911234617                  0
  -0.92228842401035                  0
  -0.92228778969938                  0
  -0.92228720362856                  0
  -0.92228666080082                  0
  -0.92228615687779                  0
  -0.92228568807569                  0
  -0.92228525108048                  0
  -0.92228484297842                  0
  -0.92228446119844                  0
  -0.92228410346438                  0
  -0.92228376775475                  0
  -0.92228345226896                  0
  -0.92228315539861                  0
  -0.92228287570312                  0
  -0.92228261188881                  0
  -0.92228236279094                  0
  -0.92228212735828                  0
  -0.92228190463969                  0
  -0.92228169377253                  0
  -0.92228149397252                  0
  -0.92228130452498                  0
  -0.92228112477706                  0
  -0.92228095413109                  0
  -0.92228079203853                  0
  -0.92228063799488                  0
  -0.92228049153495                  0
  -0.92228035222906                  0
  -0.92228021967920                  0
  -0.92228009351601                  0
  -0.92227997339609                  0
  -0.92227985899931                  0
  -0.92227975002678                  0
  -0.92227964619895                  0
  -0.92227954725372                  0
  -0.92227945294508                  0
  -0.92227936304163                  0
  -0.92227927732551                  0
  -0.92227919559115                  0
  -0.92227911764446                  0
  -0.92227904330184                  0
  -0.92227897238962                  0
  -0.92227890474312                  0
  -0.92227884020621                  0
  -0.92227877863069                  0
  -0.92227871987574                  0
  -0.92227866380760                  0
  -0.92227861029903                  0
  -0.92227855922900                  0
  -0.92227851048229                  0
  -0.92227846394924                  0
  -0.92227841952547                  0
  -0.92227837711147                  0
  -0.92227833661250                  0
  -0.92227829793836                  0
  -0.92227826100305                  0
  -0.92227822572469                  0
  -0.92227819202525                  0
  -0.92227815983038                  0
  -0.92227812906927                  0
  -0.92227809967450                  0
  -0.92227807158181                  0
  -0.92227804473005                  0
  -0.92227801906097                  0
  -0.92227799451912                  0
  -0.92227797105163                  0
  -0.92227794860831                  0
  -0.92227792714127                  0
  -0.92227790660498                  0
  -0.92227788695612                  0
  -0.92227786815344                  0
  -0.92227785015769                  0
  -0.92227783293154                  0
  -0.92227781643947                  0
  -0.92227780064770                  0
  -0.92227778552406                  0
  -0.92227777103795                  0
  -0.92227775716031                  0
  -0.92227774386342                  0
  -0.92227773112096                  0
  -0.92227771890786                  0
  -0.92227770720029                  0
  -0.92227769597555                  0
  -0.92227768521207                  0
  -0.92227767488930                  0
  -0.92227766498767                  0
  -0.92227765548859                  0
  -0.92227764637432                  0
  -0.92227763762798                  0
  -0.92227762923354                  0
  -0.92227762117570                  0
  -0.92227761343985                  0
  -0.92227760601211                  0
  -0.92227759887928                  0
  -0.92227759202873                  0
  -0.92227758544844                  0
  -0.92227757912695                  0
  -0.92227757305335                  0
  -0.92227756721719                  0
  -0.92227756160855                  0
  -0.92227755621793                  0
  -0.92227755103627                  0
  -0.92227754605495                  0
  -0.92227754126571                  0
  -0.92227753666067                  0
  -0.92227753223229                  0
  -0.92227752797337                  0
  -0.92227752387706                  0
  -0.92227751993678                  0
  -0.92227751614625                  0
  -0.92227751249944                  0
  -0.92227750899067                  0
  -0.92227750561438                  0
  -0.92227750236530                  0
  -0.92227749923845                  0
  -0.92227749622899                  0
  -0.92227749333229                  0
  -0.92227749054393                  0
  -0.92227748785969                  0
  -0.92227748527554                  0
  -0.92227748278754                  0
  -0.92227748039201                  0
  -0.92227747808535                  0
  -0.92227747586414                  0
  -0.92227747372510                  0
  -0.92227747166510                  0
  -0.92227746968108                  0
  -0.92227746777018                  0
  -0.92227746592961                  0
  -0.92227746415666                  0
  -0.92227746244882                  0
  -0.92227746080359                  0
  -0.92227745921865                  0
  -0.92227745769167                  0
  -0.92227745622053                  0
  -0.92227745480310                  0
  -0.92227745343737                  0
  -0.92227745212144                  0
  -0.92227745085341                  0
  -0.92227744963150                  0
  -0.92227744845400                  0
  -0.92227744731928                  0
  -0.92227744622574                  0
  -0.92227744517184                  0
  -0.92227744415614                  0
  -0.92227744317719                  0
  -0.92227744223368                  0
  -0.92227744132428                  0
  -0.92227744044771                  0
  -0.92227743960278                  0
  -0.92227743878835                  0
  -0.92227743800329                  0
  -0.92227743724650                  0
  -0.92227743651697                  0
  -0.92227743581368                  0
  -0.92227743513569                  0
  -0.92227743448207                  0
  -0.92227743385192                  0
  -0.92227743324441                  0
  -0.92227743265867                  0
  -0.92227743209393                  0
  -0.92227743154943                  0
  -0.92227743102444                  0
  -0.92227743051824                  0
  -0.92227743003013                  0
  -0.92227742955946                  0
  -0.92227742910564                  0
  -0.92227742866798                  0
  -0.92227742824597                  0
  -0.92227742783898                  0
  -0.92227742744653                  0
  -0.92227742706802                  0
  -0.92227742670300                  0
  -0.92227742635094                  0
  -0.92227742601141                  0
  -0.92227742568394                  0
  -0.92227742536809                  0
  -0.92227742506343                  0
  -0.92227742476958                  0
  -0.92227742448612                  0
  -0.92227742421269                  0
  -0.92227742394892                  0
  -0.92227742369448                  0
  -0.92227742344900                  0
  -0.92227742321218                  0
  -0.92227742298371                  0
  -0.92227742276326                  0
  -0.92227742255057                  0
  -0.92227742234533                  0
  -0.92227742214729                  0
  -0.92227742195619                  0
  -0.92227742177176                  0
  -0.92227742159377                  0
  -0.92227742142200                  0
  -0.92227742125621                  0
  -0.92227742109616                  0
  -0.92227742094171                  0
  -0.92227742079257                  0
  -0.92227742064862                  0
  -0.92227742050962                  0
  -0.92227742037542                  0
  -0.92227742024584                  0
  -0.92227742012070                  0
  -0.92227741999986                  0
  -0.92227741988314                  0
  -0.92227741977039                  0
  -0.92227741966148                  0
  -0.92227741955625                  0
  -0.92227741945460                  0
  -0.92227741935636                  0


num_iterations =

   288


avg_ll =

   -9.246030923368327e+003

